session_id,day,total_pnl,HYDROGEL_PACK_pnl,VELVETFRUIT_EXTRACT_pnl,VEV_4000_pnl,VEV_4500_pnl,VEV_5000_pnl,total_slope_per_step,total_r2,HYDROGEL_PACK_slope_per_step,HYDROGEL_PACK_r2,VELVETFRUIT_EXTRACT_slope_per_step,VELVETFRUIT_EXTRACT_r2,VEV_4000_slope_per_step,VEV_4000_r2,VEV_4500_slope_per_step,VEV_4500_r2,VEV_5000_slope_per_step,VEV_5000_r2
0,-2,35530.66572755367,16724.529145906796,21274.444640286965,353.40965342910204,1133.0044865387977,-3954.722198607993,3.101628644354645,0.891571454708571,1.2883311411169187,0.8999986935514257,2.1686176351685393,0.9060587705903109,-0.03822600956344809,0.04407820970454093,0.10925445165805255,0.9804378478616149,-0.4263485740254056,0.7354787394418992
1,-1,-5488.87038764566,10190.68600214587,3139.861971673963,920.7694565072029,863.5600330949901,-20603.74785106769,0.6014976250517623,0.13808487244599463,1.0302762965068553,0.7513210809197545,0.4002641095969584,0.5410652463901079,0.09811353597405044,0.563837668901934,0.09586467925159495,0.8350609632840392,-1.0230209962776797,0.2634367239185423
2,-2,-321.9637061802714,-9526.103925540927,10234.982407543983,2911.5027110511583,1042.3154628654265,-4984.660362099912,-0.6309243199594844,0.11754381823802064,-1.198490236002859,0.6104255078452564,0.8191967726262154,0.7389256715882163,0.32944815296690055,0.8311470914729615,0.06104300814769585,0.21564657261937054,-0.6421220176974501,0.12452659241954903
3,-1,15576.481416217317,5845.443387723935,-693.4243317831424,1124.150993159994,1301.7954129994105,7998.51595411712,1.4878044299792474,0.4442132938802205,0.7098550351495909,0.5547922631872971,-0.33252372895993315,0.15783554032322256,0.12451539549659706,0.8127201925407218,0.12705192226514214,0.9053529532776817,0.8589058060278316,0.48849367235855773
4,-2,18141.52174090713,12465.277643318463,11018.003985442192,2420.42908167532,270.69735366396617,-8032.886323192812,1.9092515148800067,0.7235425444229412,1.4804086316714966,0.9076942726627498,0.7013095308847636,0.5400820003622666,0.33716718676879404,0.7952363499671674,0.036580731313695464,0.6236785759756778,-0.6462145657587305,0.29529273570515846
5,-1,31144.82529768794,8886.523721929974,13925.081855578814,285.0478116191043,914.6130009504413,7133.558907609608,3.1923947765111578,0.8957696310544736,1.0122308067862056,0.8674736234205614,1.3724350076420742,0.8531685531871531,0.026231737915863643,0.05832382010417568,0.0936786243270094,0.7808174143120618,0.687818599839983,0.5821362953824868
6,-2,5290.484700643883,7647.738243705477,-4021.0186280374182,2332,947.5713412716323,-1615.8062562958075,1.720980543652134,0.3785336755861586,0.9639323864283659,0.6629260555612022,-0.4501935966449459,0.6466666807147882,0.22683907413325657,0.9165767781041088,0.0925248797615522,0.8420399921075489,0.8878777999738937,0.20140729801320295
7,-1,22750.919581640206,8700.385106605361,5892.337593660457,2605.3927457295395,606.4165002113464,4946.387635433501,2.520318813253758,0.9098715600997638,1.0000153758482768,0.9644479864353219,1.0009696737725264,0.7167987374234371,0.3067323891074832,0.9244356855543828,0.0413379365086369,0.2637593955596828,0.17126343801681654,0.055079058708828274
8,-2,-429.84426349188834,3241.7411342718988,-4282.8498343114625,1816.4679235973108,580.1808484394387,-1785.3843354890741,0.15526346777698408,0.03351448666639271,0.2210327399188689,0.15595338470135217,-0.17312398880888843,0.09657075527525603,0.20264686543944316,0.9511073208168989,0.06064766949368336,0.9800940861382729,-0.1559398182661254,0.09621664384382474
9,-1,-8850.804991001269,7228.7482631478415,5825.927479568403,1093.3325724306633,1595.9517150482698,-24594.765021196446,-0.38853505420968676,0.056039167366278356,0.8649900983934322,0.9442535006362185,1.3146936203001867,0.5519421735787049,0.19781803283718935,0.7786974618166022,0.21085263303096588,0.7579296002328865,-2.976889438771457,0.8852259753162826
10,-2,28405.38736472261,10582.034212939405,8953.599736235221,2571.549430141333,1149.7814166784774,5148.422568728172,2.776731471000467,0.8798222761357649,1.2197911632089535,0.940744695668867,0.4409861896727078,0.34056051635098117,0.29224626712808105,0.8977492079903133,0.1555336600676057,0.7461089039464947,0.6681741909231138,0.6393725181262658
11,-1,18891.932661112325,5625.281969304837,3097.5721044496167,1369.7833077407813,1013.394105210451,7785.901174406638,1.3333398940662453,0.6283638144713638,0.29360695467587117,0.6818466967282789,-0.10763495012967245,0.011509764536202685,0.10730988994273502,0.6967527166579675,0.09979893837460456,0.8013069437952677,0.9402590612026887,0.7470545566572797
12,-2,24453.732944809206,17291.2443381701,628.8262138084392,1729.5585966297986,967.8544172441161,3836.2493789567525,2.723932035289567,0.9029364525805578,1.8343459755555869,0.9074397333057413,0.4274313108910492,0.25354695348999107,0.105192572296522,0.8071870924405307,0.1131030826390758,0.866397906918023,0.2438590939072863,0.6694441475940427
13,-1,5488.739141653139,18261.8218000888,-23824.456549723167,-2527.332842034448,2181.0259022398495,11397.680831082103,0.4491537624905084,0.0517182955753496,2.3527377033033297,0.911496841775585,-2.8026139500090053,0.8011981661076635,-0.2235672824872066,0.4818754916971013,0.14099516734231823,0.28241455898678436,0.9816021243411128,0.39831260576184174
14,-2,4137.6911012836645,5372.172313477029,10179.28903975978,-483.95615750762954,910,-11839.814094445515,1.8386531017787067,0.4040496354004243,0.42260022368633765,0.5714082708341269,1.8020038762909385,0.8133852779228065,-0.11889377725803324,0.2619163377809028,0.09576344809482995,0.9240080922113391,-0.3628206690354253,0.06751469085162236
15,-1,10573.960299791237,9918.563933580524,-334.5996649278095,-1173.766492765346,2199.2685209169904,-35.505997013121714,1.4323201396417964,0.783897284010418,1.0837172332961351,0.9315446666647202,0.3652557312534391,0.19744691706227388,-0.2208599937715019,0.6073687820586899,0.20977846565522326,0.936179818224108,-0.005571296791491669,0.15921510550654036
16,-2,4071.126149969001,-1495.9017706521554,3418.1047452040148,1878.1048555412453,-38.282723022417485,309.1010428983136,0.0671482445963347,0.009213335717522654,-0.05146578979816022,0.011348591751075655,0.2727948472817121,0.24758491291943274,0.1948464040480622,0.9461888925699629,-0.009062993465901628,0.02285909474501018,-0.3399642234693777,0.39995238158955815
17,-1,26271.497781565802,2345.119298560603,3278.1808299738914,4017.6739628593714,1491.5695214817797,15138.954168690158,2.387931742429169,0.9108282090062634,0.3234002748286694,0.5315751267439797,0.4157324996344533,0.5647371722201581,0.3756470796410106,0.916828310369443,0.15965136445936512,0.9843152062548692,1.1135005238656557,0.7713807762634054
18,-2,27463.51183730339,7811.236484385328,11556.828052090315,1597.9095787798342,4942.241210994336,1555.296511053578,3.384174829721328,0.913376349349621,1.1883856132991035,0.6600677638546455,1.0339023594465238,0.8007697658017878,0.10964126199400118,0.8682457257778902,0.6563897451230413,0.9747757967998683,0.39585584985865824,0.29889439891397107
19,-1,-30077.618040535832,-16362.252713678055,9343.048874138796,639.9288846943837,1381.460002606971,-25079.80308829793,-1.1611480431220935,0.14003925440152143,-0.4236133630699215,0.10174639158112647,0.9095627600149655,0.7521801663160086,0.11340698020773927,0.7661208992349567,0.11189005733141118,0.6740526290598583,-1.8723944776062997,0.5357077814126859
20,-2,-2764.8901371774596,-4162.620931200072,-172.69253306800965,1697.7069020425479,741.8917965331525,-869.1753714850784,-0.5164274493871764,0.10015590714677722,-0.4072381805679278,0.4635626679429744,0.23422991915098348,0.06826063874522183,0.14161525939081746,0.5612349635774212,0.07474754052697138,0.8653997930305731,-0.559781987888021,0.14797625314962204
21,-1,14175.65151097559,6401.4840123690665,2826.604993994595,1088.1656645656913,-202.56060459501532,4061.9574446412516,2.364881759004553,0.7683005804322415,0.6812157107883445,0.6354750338206228,0.35088615895299924,0.7553003737253398,0.13376024244638196,0.8835162913595902,-0.10651152233629226,0.279145147124144,1.3055311691531044,0.6172013851173935
22,-2,3436.889153144508,11775.921641344961,10872.43818401132,1820.6086414691308,1333.8629861636327,-22365.942299844537,-0.04774837687176437,0.0016541378066125788,1.4520618514624704,0.9248525518944979,1.321896577852525,0.9234027426637538,0.17215777481561947,0.9141809185886421,0.15132172478723438,0.9339345649578042,-3.14518630578963,0.8358061296698508
23,-1,-10956.057702640453,2849.2754835094092,12935.861896007384,3943.290749595624,933.2527582303023,-31617.73858998317,-0.7100039680386939,0.1391448397614179,0.8078458556610096,0.5729991609739562,1.239462499794051,0.9253344606415222,0.3003435864051268,0.8259768092962483,0.10142931275488604,0.9484197316189634,-3.1590852226537827,0.8138380995331018
24,-2,28355.93493454389,14408.631919924635,10076.041371118277,-238.31698492567557,3231.1241141292194,878.4545142974312,1.9446971012303924,0.5085701133499545,0.9963925911993633,0.36246646562171314,0.929029274572787,0.4297063070689832,-0.0767563651352542,0.37257879951499695,0.3139992959221874,0.9287639768824574,-0.2179676953286905,0.15389985059295666
25,-1,26501.99720914477,7636.318863022607,20752.026152316655,-530.9224954996971,1461.6921385352625,-2817.117449230056,2.2348929477841573,0.9253434965277282,0.6752972388829449,0.946088075348095,1.9755497899558583,0.8637759113679021,-0.008058547903438148,0.0034235905430567938,0.1617484305908494,0.9084990009220089,-0.5696439637420582,0.40115912487755917
26,-2,5166.872031910172,29.091969269677065,7851.978887354286,2004.638136540936,957.0950740314547,-5675.932035286181,-0.8756917396055048,0.11278970659518626,-1.0127550209646419,0.5231958667073157,0.5887892304687131,0.23529871997926075,0.20295778318565022,0.9187483277249077,0.11360185943444648,0.8538666024756374,-0.768285591729668,0.2651575149144585
27,-1,8089.880652033613,10968.268768914626,-8581.872193140676,2476.4901243106433,1168.482954261488,2058.510997687532,0.0670207603348297,0.004466844858008511,1.3150935100526167,0.8665116825815664,-1.07054313358706,0.7199687446022665,0.11672974939219047,0.18625108094916482,0.13462312048889966,0.9211394983779952,-0.4288824860118034,0.2997071893288233
28,-2,13343.892096606827,4190.444164748653,2366.032916124561,1090.8002970971288,756.8986037628656,4939.7161148736195,0.17431524327768275,0.015900733157158033,-0.41159379849902245,0.20563884291906098,-0.06492083915444039,0.003997324353674458,0.07888056347555471,0.79245130899083,0.09458823339600404,0.9039861187315431,0.4773610840595819,0.5979509388087344
29,-1,1706.339489468648,4350.381881771158,3705.476313967549,1833.052648190489,304.88274286598426,-8487.454097326532,2.6535078736995823,0.7043267356305877,0.5476145954209358,0.8469350616090174,0.9134880597950067,0.6379684997772861,0.12254925462931632,0.8766745612105595,-0.01528041424821165,0.01305942066629462,1.085136378102532,0.4028013583171407
30,-2,3862.162748276853,952.0998236639425,3090.6598974222434,697.5810162653142,-437.8477768546677,-440.3302122199798,1.4938670072421887,0.4934289107933262,0.481665852429676,0.18634601069867074,0.4307251373891567,0.5545252598090662,0.06694174676119258,0.1308450029314269,-0.10148204326230585,0.5624630135625598,0.6160163139244546,0.2813992844753483
31,-1,2039.0011306583674,10976.79889981955,-16111.756306925177,1122.352792033922,821.8587427570892,5229.747002972983,-0.5073287225728175,0.18151266342496095,0.7378029068053212,0.6233230707527934,-1.750014367281496,0.6097593955238146,0.0885273750673239,0.4377459982597702,0.06384479255066419,0.5362418556878933,0.3525105702853635,0.5033218420305008
32,-2,32714.809040379427,15554.26910262293,3790.1269826523494,2003.200757330218,948.9730695618109,10418.239128212117,4.236732851463585,0.8867671303816554,1.9791797106994167,0.8941622013493999,0.06744260240569597,0.009331770645600958,0.1969963761782729,0.7587281503764491,0.142415096043473,0.6748183178544935,1.8506990661367508,0.8667844074606965
33,-1,-8894.428266958255,1453.9029441871098,-2397.4154326182324,2193.5371636820782,686.7945963550096,-10831.247538564221,-0.39051950096693033,0.04367493444708602,0.4328181804005207,0.5490651527025345,0.044555484168373745,0.0028264809152668516,0.2404454095329027,0.9012686064654206,0.04263279374293616,0.6922977441457722,-1.1509713688116503,0.5491397041811127
34,-2,-1515.9329594347637,5200.650670008559,-5465.4766868515,705.7447244896503,1502.2600810748172,-3459.1117481562906,-0.4111439423676101,0.20564514201631173,0.44892293962575,0.9396942807104017,-0.8091018318846757,0.7447602297314737,0.047570747520218726,0.31776485582742175,0.1736425371700096,0.9376652495101794,-0.272178334798918,0.1515299511250012
35,-1,19764.133483439367,10990.122295673063,5513.330226194579,1158.2324766073089,1019.4793946294981,1082.9690903349183,2.2363247125871153,0.4665137175969784,1.3552456627342566,0.8235741998280017,0.5717489811736516,0.8979848529302177,0.06738414222375708,0.6650623868546889,0.15949903868432877,0.9007511217268342,0.08244688777116407,0.0020913678964976775
36,-2,23425.223419089845,16617.085355689982,10721.856409322354,1161.4991344486455,1017.8284004903135,-6093.045880861448,1.332409806111371,0.5779297897816896,1.0063245764964566,0.6528921214539916,1.1441215765647605,0.9243473840937729,0.139704362892959,0.7926041786174485,0.09048986990142154,0.8995840540128313,-1.0482305797441727,0.7119594453391594
37,-1,-8460.793100530755,12466.471312944777,-29745.810091412277,2114.718203413533,703.5004907029352,6000.326983820276,-0.21427818733797127,0.013698551991603821,1.3824561930680608,0.679247019765763,-3.1096973651826127,0.9154489494449055,0.2147308941161054,0.9653930073846024,0.05700012062040585,0.8543774714579615,1.2412319700400578,0.49179169729528527
38,-2,35203.81324915018,13700.404917963198,6198.877011125936,2639.7348321951704,1122.4783165677009,11542.318171298175,3.5196568369060794,0.9370168467150888,1.3915478670853347,0.8609550288284253,0.5335585072021903,0.419582040293516,0.2646133056200337,0.941931318737947,0.16450610512510458,0.8405827055577381,1.1654310518733642,0.7654208899916128
39,-1,-49329.261803682566,3584.549964349193,-2162.7926053864066,1688.5394342123209,1086.6155145744538,-53526.17411143213,-4.2147234777145846,0.8382406549862852,0.8232139527715219,0.9046789105841018,-0.9186759074145082,0.5177738947451201,0.16267972234617695,0.8923610028322331,0.10744662779317253,0.9403495429206473,-4.3893878732109535,0.8745353698291274
40,-2,-111.69801347580142,12349.54392373492,8978.699417573414,1516.1252215641077,2264.162094519923,-25220.228670868168,-0.46501936229900864,0.03324645964166847,0.8788733241255209,0.8156686195176922,0.688977219110821,0.4036061827130892,0.14659364085077767,0.8898021984929368,0.2559468299457697,0.9391306712781576,-2.435410376331882,0.5926187083121881
41,-1,-4090.6466250192534,10036.604569353862,-4341.8410351087805,2263.3104681965633,2855.017335564313,-14903.73796302521,0.8400449006796848,0.2176217697747311,1.30775721005236,0.8399845920697527,-0.30747440759904066,0.2397166831311879,0.19511523827615715,0.906129385481336,0.29660450054511983,0.7985798715030422,-0.6519576405949045,0.31781334752923723
42,-2,17065.523712419614,4708.20195235766,4247.968263005547,1835.2953108390436,899.4849645827819,5374.573221634583,1.1451548334747232,0.44517478206183947,0.29639807543505536,0.19650084602904996,0.1320054095286109,0.044406991630144985,0.18685048422575856,0.9648495906673042,0.09671560344149424,0.9322092672584755,0.4331852608438097,0.313007779045506
43,-1,-4294.819926322232,2062.471163514303,-110.85037815361284,402.5597948055074,1035.784764270009,-7684.785270758439,-1.887555211488185,0.7110230133146712,0.3151714789622898,0.7874555165824694,-0.5522467406304767,0.3195753545031988,0.0903375178738432,0.6402190751890121,0.13861156238187403,0.9191727398942584,-1.879429030075736,0.8115770705194897
44,-2,3132.304898919839,7450.501249633555,-7625.013087902276,2107.853310280835,1087.415723360072,111.54770354765384,0.3316111706598425,0.11517328319058581,0.6742810778051901,0.9392730799188215,-0.6803140174375601,0.3534026060752891,0.24684390765717532,0.9667541517117176,0.09775082375293317,0.9520780156540404,-0.006950621117904346,0.05998158520823986
45,-1,1578.9693061915768,-7482.042290159472,128.18532787292497,2861.6911984910985,536.233273078522,5534.9017969085035,-0.2468354901408536,0.049141892022417685,-1.1037872941910547,0.859396519059652,0.011222200692923614,0.001671497520545672,0.28826362444363096,0.7685530499190005,0.060008428478012944,0.9545970562623142,0.4974575504356391,0.359654836406178
46,-2,209.48518171469914,8050.826671207295,-4050.564585584354,1456.4378647733351,1575.6507103355912,-6822.865479017168,-0.2574852679250377,0.01899121588642674,0.7952495887844618,0.9592210205899833,-0.16864631088351262,0.02245448185314808,0.15646502162828474,0.9500146803589706,0.1743759691658443,0.9797603991069924,-1.2149295366201205,0.5145072890524536
47,-1,-9713.207600153222,-6938.008092271513,-5740.020814684918,692.5479646393287,-548.6292110721952,2820.9025532360756,-1.8473808964761598,0.5487720180649727,-0.6508840525578936,0.1045973760469777,-1.177672860315079,0.49853768650649677,0.012640319159191416,0.01998048724488464,-0.10666303648572366,0.4840242708957126,0.07519873372337414,0.0028785170216605468
48,-2,9352.968702339702,4930.540643807326,8271.66995859635,1140.6785404815928,1662.955657035769,-6652.876097581337,0.14303198878347329,0.04374168243054264,0.47693800461057134,0.7480692419898792,0.25832328481823463,0.13753931938134134,0.10241807899078693,0.8959460409367827,0.20108588295036045,0.9270288912265987,-0.8957332625864795,0.7885261515787001
49,-1,-176.39048998621547,10391.348648854415,-19629.852040227386,1510.0424787197044,1198.0417169766733,6354.028705690378,-0.4582171673868993,0.11170244914386696,0.10886933714695722,0.016590630613859188,-1.708481982853216,0.5254448901259287,0.20929268785377517,0.8598691980182464,0.0687408989637703,0.3020944036795021,0.8633618915017998,0.8980167336920383
50,-2,9993.531652357586,-899.8567834462156,-5223.79243353178,1760.3079344210782,855.5024241481296,13501.370510766374,1.2841538792894927,0.2612600016645359,-0.006255598101964031,0.00006701125540789126,-0.7288213106813819,0.30332424241612305,0.08496833818928365,0.32679736667688863,0.09618653358484873,0.809808609247111,1.83807591629869,0.44416648967386224
51,-1,11494.98406483722,6444.165775936737,16706.707306948723,551.4089933931318,2077.022202774162,-14284.320214215535,1.7116732703379314,0.546559574561416,0.6891818761149507,0.8637366803684843,2.102105891141972,0.9238773015112007,0.10286953162568292,0.12391113929579504,0.19614416609962892,0.9142887957289586,-1.3786281946442955,0.637572968813306
52,-2,4326.102994340831,9541.909839938162,-9440.571207850124,333.8105757714584,1724.3724092149641,2166.5813772663705,0.5322591536088781,0.25206101702499534,0.9087509410713366,0.7170548107318573,-1.3976873185433243,0.5996248883428289,0.09276718066235838,0.3161462704885101,0.21377867513227114,0.946096692842016,0.7146496752862165,0.4643469748310976
53,-1,29016.788341413234,1883.6304835542687,18090.68827862796,3014.039585012455,1682.9310221876185,4345.498972030931,3.369319052954307,0.851489014887529,0.13806305457343598,0.36088671994030863,2.324573607332553,0.7843756089437616,0.30518039971970085,0.9154043999849344,0.17218265750981368,0.965675407276992,0.4293193338188223,0.3762062643142575
54,-2,-16397.724194309256,3030.1832387365866,-5307.678570627817,2282.8704280540696,996.4632251540716,-17399.562515626167,-1.4146971228755763,0.48662269174130746,0.28686267277419586,0.6315730910837303,-0.2100412077553727,0.03959553972107523,0.21454545201258826,0.916054665556115,0.12475974113801191,0.9150423244714831,-1.8308237810450145,0.833090580497189
55,-1,31328.80546949716,9211.890175053268,7795.181417839369,2144.6798541975804,501.876191575187,11675.177830831759,1.8488524809352451,0.575989220925019,0.7717276150911924,0.8109646170843339,0.5394097267816945,0.30695857955470573,0.2649234817457092,0.8759351581162994,-0.013632732530087788,0.013080035243560375,0.2864243898467655,0.03772265582037304
56,-2,8293.168407768142,164.46106779804904,6250.897184859146,1704.5088772719037,827,-653.6987221609561,0.521460371276482,0.2710052606198478,0.10456994218718182,0.09001154509285174,0.7595308963200331,0.690773574713123,0.1947655763039741,0.9218819319380722,0.05348834100843293,0.2725088156558735,-0.5908943845431296,0.47794058826323765
57,-1,12015.749530096817,10311.930110058165,-431.0410351413302,-2014.216992283502,2167.609414051248,1981.4680334122343,0.9830505801576632,0.7450109639389147,1.3053594680399623,0.8614647520100747,-0.5173775624477985,0.49157903885458704,-0.17860524861426816,0.6718584583397322,0.23805437341978142,0.9538144868773513,0.1356195497600195,0.7797826507340074
58,-2,22605.39073539775,14032.93078009336,4470.875138726435,2705.507851800674,799.2189551872062,596.8580095900707,2.2569112053614453,0.9346673578631565,1.3448659201274316,0.9359522648773928,0.47208715627267056,0.5527749622692798,0.246533317252428,0.8735557710281289,0.0811874849023965,0.9356365000210327,0.11223732680655715,0.26319515530181536
59,-1,20693.167197342944,5948.6173110760865,1244.517252245685,1510.6936905571747,1948.872223495011,10040.466719968987,1.4316188580070754,0.6615131028544824,0.8336707455905994,0.8632580109320211,-0.18929286871900508,0.032341529334151194,0.10550080281343048,0.1533364061029343,0.16662767614824375,0.4511342742852356,0.5151125021738229,0.4460964562212329
60,-2,8107.773247580926,2286.324108354631,549.5482762713218,691.8503222760992,-214.34902919460546,4794.39956987348,0.83715546108501,0.49961655137998523,0.15931111594609426,0.3079640873378987,0.19460545313899325,0.14377006164170775,-0.022011242585104902,0.021137360034293496,-0.05269830246297532,0.6447323506789867,0.5579484370479988,0.5740678440396682
61,-1,8947.875848881498,-14318.3068498082,11184.488795248093,-1143.5269899769937,749.9927177284262,12475.228175690172,1.5892487717528636,0.44033101604641667,-2.037758431140414,0.7587784258479761,1.2275181628140222,0.854396676871871,-0.10154956945128726,0.4293715385722693,0.042094939373289945,0.43402743753224043,2.4589436701572596,0.800494819374697
62,-2,32831.0134935763,14670.32947919215,11581.533370977413,3090.1312933461704,1175.5739444494284,2313.4454056111385,3.658537113722721,0.8704743148693281,1.4051014609193122,0.8976693700188529,1.3275789535837104,0.8937652158355863,0.2929158128627029,0.8310656700369285,0.11348036616004842,0.963872706526268,0.5194605201969295,0.23279936157800502
63,-1,21870.578604758113,2857.6283137822757,10554.890929604764,1867.9689565738008,1100.3408554389944,5489.749549358277,2.626177376027308,0.8937616717617795,0.20913028667087688,0.38344060070727853,1.9136541252783368,0.7822686002346358,0.24298741389293743,0.9199481348061845,0.11171968029359373,0.9384845432851299,0.1486858698915624,0.14590560431520977
64,-2,21203.56388485324,773.9328362828237,10972.086931923754,115.23828755043814,-220.29782950351,9562.603658599735,1.2988829721071644,0.5253724990439976,-0.18926754628089412,0.07134567598676901,0.7894420771703132,0.5258360953866354,-0.04058712503789433,0.5591977306612409,0.02779925507132924,0.12885988106364785,0.7114963111842864,0.745471465632277
65,-1,-1600.9547674514633,3039.230095775565,-14139.510247557191,2970.565952793644,811.5660838488238,5717.193347687695,1.2850768248828253,0.530327402613406,0.3389654217049722,0.2630664724712376,-0.85691743536026,0.5219468268044555,0.2468677279891062,0.8998662591735479,0.11142286225741564,0.7519337646595636,1.4447382482915891,0.5262707183127165
66,-2,-10388.518076332959,15411.939133467677,-3420.615733570303,1384.4635756572538,1300.9382304796736,-25065.24328236726,-0.30539830637292587,0.017750248973036446,1.7933288178858249,0.8078296761517862,-0.6747354094841262,0.6531677662393766,0.10989385182904422,0.7114366431826012,0.15656036131696882,0.9378256891237555,-1.6904459279206354,0.528013536558408
67,-1,28304.73649723858,10624.096480348911,12123.091179670737,1437.2911807998753,582.6116267242214,3537.6460296948353,3.1212045832964703,0.9716276667816841,1.3877661577482605,0.9244602187002114,1.1104542001256603,0.7857475209883688,0.15344841429942613,0.9550440854159792,0.030434548968689745,0.5064047004191562,0.43910126215447615,0.4648453045621653
68,-2,-7125.7428775241515,9550.849440270831,-2461.8502640719526,891.6235699470762,944.8719311566537,-16051.23755482676,-0.5016066406995854,0.19356337279238647,0.8601207416969887,0.8343465703860773,0.04804193348310863,0.013012490613284394,0.11560216917672934,0.7988094313859511,0.07962607157499417,0.7786705032325788,-1.604997556631388,0.7681564821643344
69,-1,15012.921145829474,8441.18141935533,6473.736525892367,315.9676603269436,-1537.2509783214227,1319.2865185762566,1.165250254406452,0.48880434939754686,0.7525367942422986,0.8192323864209846,0.6805628570387613,0.3802959127830469,-0.0057385265305731,0.008386778439512415,-0.22580537293444905,0.8820674017505127,-0.036305497409571,0.002350485890894074
70,-2,16671.764815135703,6156.834994281198,3331.818275804777,1623.4724169287128,757.7556495169031,4801.883478604112,2.087712883003024,0.7941317363714013,0.6948342873184942,0.7456390959949046,0.36265302894014095,0.48285767582207034,0.173147442478925,0.9291477455044505,0.07279150001122596,0.9652919597623838,0.7842866242542544,0.3096956939142798
71,-1,13012.153461121663,16472.79073067638,1790.9587463967036,322.54096141001355,1979.3102502244583,-7553.447227585893,-0.5523446251121948,0.09012351313098237,1.4209941177743852,0.8140880672368226,-0.20392998804219878,0.0739008346849911,0.06471550660013607,0.5392860400555692,0.18762823102244688,0.9475871907887817,-2.0217524924669683,0.7213421989175868
72,-2,-7363.006055859885,5444.472850631457,-14352.374343545991,1469.473417348956,97.62781278920738,-22.205793083514436,-0.9917328762368551,0.4318115274742546,0.17480605580865347,0.05897499577730111,-0.8441301718079149,0.31947907447010476,0.14055624747224452,0.7609943573524081,-0.02601269545327516,0.12663252614304077,-0.4369523122565781,0.3043006038146248
73,-1,-8131.010177827289,6982.109197678743,-18545.8479406127,985.6766745691548,283.17414588414977,2163.877744653364,-1.2811616245212347,0.441125987686828,1.100888466121034,0.672921965332659,-2.3797484184441333,0.7815644841743591,0.11828664786159458,0.8675787671886431,0.0002890136854051689,0.00016113159990533782,-0.12087733374514693,0.006008836318386739
74,-2,19637.65531400417,17391.48629605444,9103.64115510857,3037.357180259023,-776.4661737462411,-9118.363143671624,1.1873351601904567,0.6253517241622365,1.337692997167421,0.7178548023124213,0.6505686152103961,0.7191499000235367,0.1936578401093716,0.7577295599519459,0.03804536804695252,0.08108265278736676,-1.032629660343663,0.7528740074234155
75,-1,10044.0404281484,10693.669534097658,-3823.5817063961294,1413.5769674302428,-499.39227504273094,2259.7679080593607,1.6379285724198045,0.5680115998871584,0.8657154099994642,0.5381935376852246,0.43380917578315886,0.0871786030037938,0.11518808475312317,0.8216813271096994,-0.094676900296384,0.6655636413332057,0.3178928021804534,0.5783081705060519
76,-2,-9284.18450482982,9460.75067733333,3137.7994379529264,2002.3124892698597,3306.82595840455,-27191.873067790486,-1.1331864606729019,0.43372728087536755,0.4420975573193971,0.2888727011654416,0.9762479281725587,0.5484108891635883,0.14811487610825072,0.7395376886887292,0.33424705506865904,0.9595542584501444,-3.0338938773417814,0.9036319487556783
77,-1,19377.340820685047,7282.107724761474,5595.83270829852,2406.3421077781386,997.7840632250127,3095.274216621903,1.7814906471601115,0.589311963867248,0.6847077353796637,0.7893170853349881,0.14325641936382247,0.026545380714123844,0.3782332229612321,0.8131860548382261,0.08157249418777493,0.9002730142283102,0.49372077526761576,0.24187886366072728
78,-2,390.50041361372496,-15696.249615126173,19218.794231046166,1054.7583162981973,1194.6938986288696,-5381.496417233335,1.6839384441634457,0.4544727946059495,-0.3879909319346789,0.09586541554653397,1.9049791625140493,0.9410152522774801,0.0651322143773614,0.46891740644200675,0.1395034238553149,0.9528923703197667,-0.03768542464857895,0.0015998036370582789
79,-1,18551.335243740607,5291.658458301856,5916.56210806017,1781.0859977615155,1263.1150592585236,4298.913620358544,1.3796970032776417,0.572698072935539,0.21893168566635476,0.19426341413464912,0.533180374949218,0.32340728078795694,0.17946821845587643,0.9629395036630031,0.11715374214977227,0.9661676181053892,0.3309629820564153,0.46752407956848063
80,-2,32261.100227094255,12828.175190287031,14571.175831473316,1831.0800467202353,980,2050.669158613675,2.8713677805204285,0.8405917144212824,1.5742789825470649,0.9738324415768226,0.912544795063587,0.47403004236394886,0.10148031466704087,0.6128266692525963,0.1100585108054706,0.9799508550102399,0.17300517743721894,0.08658488377694663
81,-1,55.291348252272655,8348.217664668104,-4037.119491264166,165.5207692246895,780.0543125009244,-5201.381906877279,-0.4882035176433236,0.06730525187460278,0.7960607087803871,0.8549041685850377,-0.8768742052343389,0.3273941985772513,0.02487279935262722,0.032497146465011936,0.10960722796872292,0.897307667516824,-0.5418700485107046,0.1503077418123035
82,-2,25716.973380827636,5685.429739745392,13771.716268156131,74.12331257828555,1345.519315043789,4840.184745304039,1.6316791537669395,0.7110337150566005,0.6006495231826583,0.9477756993104506,1.0232478809522725,0.45579738596701747,0.06303554814531961,0.34820309049474113,0.11543897149599329,0.9275088242602917,-0.17069277000930458,0.03227784686182545
83,-1,-1574.8077991052614,6670.672555248399,-4106.33102393907,2059.208343399254,1143.325801232233,-7341.683475046077,0.11483537178436742,0.017590703517957617,0.6892233165934568,0.9518218926593447,-0.5454969137135546,0.2882865395035338,0.2310936989530467,0.8250081541895494,0.10317648470046567,0.9398070567991017,-0.3631612147490523,0.3908160763894171
84,-2,4125.010768232411,9399.228629440971,-720.7612114560325,2015.8646934150984,680,-7249.321343167627,1.7853331018183984,0.4913587208733052,1.0110828758489419,0.8288965092055429,0.34286963648462815,0.07902747553591927,0.2021996654274562,0.9631397541793865,0.07139384322403583,0.7656728616909675,0.15778708083331675,0.015141740240768161
85,-1,15901.466565558774,1251.2658442860702,6556.542993621901,575.7011397091755,1745.2837577945193,5772.6728301471085,2.0391954566479686,0.7383899870462577,0.38575199110041863,0.16940316813015172,0.6554024095306257,0.4526409789458533,0.0790345083220908,0.8688838707953448,0.19083628442648407,0.8965554251809432,0.7281702632683524,0.22046773295880956
86,-2,46764.229795000196,11334.528164822914,13458.75295037916,2732.2057409843837,1594.4110507435125,17644.331888070228,6.497988503536882,0.9403897053741874,1.131147410909511,0.6786091000749966,1.695883791135741,0.9312737873919565,0.25424974306458764,0.9776715279379159,0.17634476553559833,0.9394562724823435,3.240362792891437,0.8525771997520526
87,-1,7230.566288070584,493.5735543628107,141.6557367288915,721.2567302760508,1707.0831047700103,4166.997161932821,0.3286759296680251,0.083461711895936,-0.29945184875939557,0.4477588777307166,-0.24802159038277843,0.31086162923910104,0.08008862144621118,0.8633037864533042,0.1665844920229718,0.8372072705830798,0.6294762553410059,0.4328603152116235
88,-2,10376.688665645554,8007.710733774118,2509.3077805568464,2151.6698385669442,360.3321316604779,-2652.331818912833,1.1153467289897954,0.6313266472574136,0.16894006245328602,0.02823265227509357,0.8502516666390301,0.6871380318466719,0.21082269542537196,0.9245863903374069,0.02504070004028014,0.31952294146451876,-0.13970839556816475,0.0449609132209039
89,-1,12039.645981818674,1181.5724552171305,416.36638661834877,1086.4988677385663,883.1343205594535,8472.073951685175,1.5457245711255008,0.5612611544409416,-0.05643586635998742,0.011439410159781721,0.02904892190587077,0.0009564815408865827,0.08205333103247596,0.6803003655733452,0.06132736025384875,0.6938725833832894,1.4297308242932711,0.6568503457565986
90,-2,19329.167309820135,9250.00168742577,12402.96109282726,-577.997717799648,340.3412045505502,-2086.1389571837967,2.308935339397537,0.8283628148190519,0.867490559527716,0.7943559288310754,1.5889558109524415,0.8766348372144858,-0.03597752419949769,0.03395830262176393,0.07315412648642397,0.2979869735132419,-0.18468763336948854,0.6678261869445785
91,-1,2172.5450830294167,-10266.94167856942,4337.427070870763,2215.611870890687,424.50843407715274,5461.939385760234,0.6924175639726396,0.17016958615677702,-0.892487563935831,0.5087016437977815,0.6509942595107694,0.7455756071032973,0.20046413601057822,0.750605242490714,0.02541023959007124,0.47051621877020594,0.7080364927970473,0.5043949925399916
92,-2,6885.869789129205,12205.986246665416,-10861.503226352157,840.0042563539082,1371.2801965509416,3330.1023159110964,0.05878054738743407,0.0024408729082341825,1.197714755606108,0.9233474108605421,-1.8104060575283665,0.6986724329113665,0.09304132822795301,0.7924814602633979,0.11047296335414343,0.8962460950024846,0.46795755772758624,0.501954031131926
93,-1,28290.01275488462,14602.516207897279,14984.261044675368,-1129.4195934680683,739.3929855356578,-906.7378897556159,2.7504808790072173,0.8993534254023192,1.267386816487339,0.7393422165885525,1.4815922757808948,0.81982995312445,-0.060912581205990565,0.11945086159912645,0.0960626118357331,0.8786089905099462,-0.033648243890770556,0.12203452732091682
94,-2,3640.334580343666,9402.904765300365,-16652.684075091965,2132.8351945578397,-155.49700720444343,8912.77570278187,1.663830004207205,0.25149855120383324,0.918631380234738,0.936339904675821,-0.5779831653400056,0.07436655872635728,0.18451110119599276,0.9046224004582005,-0.03173605012099968,0.2106613493035118,1.1704067382374381,0.39272270071150345
95,-1,40059.09452025734,11644.53944245656,17800.623287127702,-1006.6577012830385,-102.95276372518492,11723.542255681301,4.510643573175341,0.9463528285021018,1.2494913461222104,0.6323682880112174,2.3727148011231822,0.8503550605966302,-0.08401821881191374,0.2781968378794669,-0.0011818929038413853,0.0003387534246327016,0.9736375376456684,0.7063440878370894
96,-2,21385.851801536854,12476.497334639702,12270.537708918506,3702.3449319640567,1257.6606349767608,-8321.188808962172,2.628609219226607,0.7758251999084668,1.487877410106154,0.7691638333424619,1.6545031380950048,0.850445838506055,0.31979690866475025,0.7200470750528872,0.1331938651666722,0.9209100031420453,-0.966762102805966,0.5193798605985477
97,-1,7961.198193188824,4085.265707859304,1961.3893367161509,1406,910.9173175642081,-402.3741689508388,0.6256998305184258,0.6543391270153754,0.4908490171271967,0.6845157901340361,-0.0989294522765379,0.05170311272800912,0.15798460167394016,0.836621736981985,0.08614287927445682,0.7498146924392997,-0.010347215280630241,0.009813200012840001
98,-2,-6501.311712937233,2797.856482375937,-5977.104913695599,2372.585439283612,1260.6830333174294,-6955.331754218612,-1.2247230179129132,0.4337076537093376,0.12708523823281218,0.27081471530447576,-0.539954605350596,0.21233190496410173,0.20151144307341137,0.9374167894483486,0.13273545601659667,0.9334796537163169,-1.1461005498851222,0.6194896617793125
99,-1,-3680.179689753837,-1557.0188096186612,-4179.064515067381,857.2482272252282,750.6273541535943,448.02805355338205,0.48907380559227903,0.04826017721154201,-0.1763466146381175,0.014049592573133388,0.5922033254703969,0.2838122835534529,0.09110737337216894,0.9272021962417588,0.06648255937867896,0.7075603833866778,-0.08437283799086916,0.016585678854634987
