session_id,total_pnl,HYDROGEL_PACK_pnl,VELVETFRUIT_EXTRACT_pnl,VEV_4000_pnl,VEV_4500_pnl,VEV_5000_pnl,HYDROGEL_PACK_position,VELVETFRUIT_EXTRACT_position,VEV_4000_position,VEV_4500_position,VEV_5000_position,HYDROGEL_PACK_cash,VELVETFRUIT_EXTRACT_cash,VEV_4000_cash,VEV_4500_cash,VEV_5000_cash,total_slope_per_step,total_r2,HYDROGEL_PACK_slope_per_step,HYDROGEL_PACK_r2,VELVETFRUIT_EXTRACT_slope_per_step,VELVETFRUIT_EXTRACT_r2,VEV_4000_slope_per_step,VEV_4000_r2,VEV_4500_slope_per_step,VEV_4500_r2,VEV_5000_slope_per_step,VEV_5000_r2
0,25305.470821531922,16724.529145906796,6980.137577938149,353.40965342910204,1133.0044865387977,114.38995771907707,36,-74,26,2,-1,-356570,397961,-31065,-468,467,2.254509166783521,0.9516484558947499,1.2883311411169187,0.8999986935514257,0.8831388106751236,0.8764437094420364,-0.03822600956344809,0.04407820970454093,0.10925445165805255,0.9804378478616149,0.012010772896876323,0.20137725755170705
1,5849.378909408675,10190.68600214587,-3150.3553549597273,920.7694565072029,863.5600330949901,-2975.281227379661,30,64,-2,11,31,-294538,-329072,3545,-6337,-7804,0.6142268159067934,0.4446633805493149,1.0302762965068553,0.7513210809197545,-0.37366286093873524,0.611677250786078,0.09811353597405044,0.563837668901934,0.09586467925159495,0.8350609632840392,-0.23636483488697313,0.5162569177404394
2,-1260.9510978558337,-9260.120217803866,3746.164052383974,2911.5027110511583,1042.3154628654265,299.18689364747297,-54,60,48,15,43,538947,-309919,-59795,-10127,-9380,-0.8463180726219297,0.4549707144439338,-1.1781461508394415,0.6060093768266815,0.04442918921062544,0.011463772947147387,0.32944815296690055,0.8311470914729615,0.06104300814769585,0.21564657261937054,-0.10309227210771463,0.32335135147831817
3,10970.494793552984,5845.443387723935,4497.639061592548,1124.150993159994,1301.7954129994105,-1798.5340619229046,-18,49,12,15,-34,187708,-252425,-12917,-9575,8604,1.1663127102155582,0.6164795273575693,0.7098550351495909,0.5547922631872971,0.4654533269015453,0.47259722665431253,0.12451539549659706,0.8127201925407218,0.12705192226514214,0.9053529532776817,-0.26056296959731123,0.3004122355173723
4,22768.31754543612,12571.52895966696,10541.994959587842,2420.42908167532,270.69735366396617,-3036.3328091579715,-44,43,-27,-5,124,445394,-214348,34342,4733,-27625,2.516626672260036,0.9583546525717926,1.4921065678895729,0.9077713130955455,0.8328614604585423,0.7544545025175061,0.33716718676879404,0.7952363499671674,0.036580731313695464,0.6236785759756778,-0.18208927417059945,0.20708273260149232
5,16906.863008763597,9015.892791447477,6793.923564400757,285.0478116191043,914.6130009504413,-102.61415965418382,9,-108,18,-12,37,-80101,587086,-20379,10709,-9492,1.6256255852023174,0.752643178621711,1.0352493801509637,0.8739984744170435,0.4698116202517816,0.27219426043083866,0.026231737915863643,0.05832382010417568,0.0936786243270094,0.7808174143120618,0.0006542225567394318,0.000010749180703174795
6,6695.074366887267,7647.738243705477,-4422.842823685729,2332,947.5713412716323,190.60760559588743,48,-101,0,11,-43,-478187,543024,2332,-7391,11675,1.0341252732596102,0.5159774134694446,0.9639323864283659,0.6629260555612022,-0.526674046195458,0.7754117695534404,0.22683907413325657,0.9165767781041088,0.0925248797615522,0.8420399921075489,0.27750297913189537,0.26476902670508495
7,13510.988602430089,8968.948054235661,3218.1146613837336,2605.3927457295395,606.4165002113464,-1887.883359130191,-49,-45,-8,-5,-20,492669,241662,11409,4217,4876,1.6424493047988173,0.8967747307338413,1.016094869105856,0.9645633349117422,0.4854434192655061,0.4921603221457332,0.3067323891074832,0.9244356855543828,0.0413379365086369,0.2637593955596828,-0.20715930918865502,0.7736973396956013
8,1300.7868365645754,3241.7411342718988,-2782.6345383331936,1816.4679235973108,580.1808484394387,-1554.9685314108792,43,-46,-10,-2,-25,-415138,247154,14563,2205,6282,0.18065750366736907,0.14013903187222346,0.2210327399188689,0.15595338470135217,-0.10378749714347842,0.05091852925656595,0.20264686543944316,0.9511073208168989,0.06064766949368336,0.9800940861382729,-0.19988227404113298,0.674123927403304
9,21168.145823171366,7228.7482631478415,6866.195385357889,1093.3325724306633,1595.9517150482698,4383.917887186701,4,-58,33,-19,-32,-32273,311721,-39841,15951,8056,2.653977288082654,0.9492207028947066,0.8649900983934322,0.9442535006362185,0.8705097094989145,0.8068045030000895,0.19781803283718935,0.7786974618166022,0.21085263303096588,0.7579296002328865,0.5098068143221225,0.9106512053755634
10,29252.387568281985,10915.861844116167,14639.879570340505,2571.549430141333,1149.7814166784774,-24.684692994500438,5,65,-4,-15,44,-37180,-325740,6793,12989,-12132,2.9981441932905817,0.961246505139225,1.259062446949649,0.942427931819774,1.269942571071914,0.9466066952160181,0.29224626712808105,0.8977492079903133,0.1555336600676057,0.7461089039464947,0.021359248073322956,0.01437407161579319
11,24786.762701678956,5625.281969304837,20167.24216255982,1369.7833077407813,1013.394105210451,-3388.9388431369352,-27,15,13,-11,76,272081,-58174,-15145,8478,-19253,2.927815151025344,0.9078003520135085,0.29360695467587117,0.6818466967282789,2.42947561222083,0.9398891964982112,0.10730988994273502,0.6967527166579675,0.09979893837460456,0.8013069437952677,-0.002376244188691692,0.00001811674787468716
12,18880.88855481737,17332.136386480124,-1849.9816059931763,1729.5585966297986,967.8544172441161,701.3207604565077,-16,-92,-20,-14,-9,172733,482905,25140,11644,2873,2.422595888886358,0.8947681759255413,1.8381515567296574,0.9077274978445612,0.2283061337954124,0.1398055192109195,0.105192572296522,0.8071870924405307,0.1131030826390758,0.866397906918023,0.13784254342566213,0.5387599530928864
13,4726.60371296357,18332.966567651543,-13304.812897325377,-2527.332842034448,2181.0259022398495,44.75698243200122,35,124,-26,35,19,-346592,-636449,36545,-22377,-3866,0.8444987155295348,0.28629416810909636,2.3551539525198613,0.911789478510277,-1.4348154122498198,0.737880474870547,-0.2235672824872066,0.4818754916971013,0.14099516734231823,0.28241455898678436,0.0067322904043346605,0.014796404651061069
14,10008.616843112984,5319.88720972318,4182.441206318908,-483.95615750762954,910,80.24458457852558,37,69,-25,0,3,-365173,-351309,34075,910,-415,0.9725387592468338,0.4574096181910568,0.4097214906380094,0.564075360326597,0.5658764424838272,0.3135581122989198,-0.11889377725803324,0.2619163377809028,0.09576344809482995,0.9240080922113391,0.020071155288217502,0.20825143680028346
15,20735.611071428895,10135.781966790262,6412.459010775667,-1173.766492765346,2199.2685209169904,3161.868065711322,-1,-57,-21,-13,66,20200,308605,29766,11646,-12645,2.341394844773246,0.9290589327421064,1.118740764299092,0.9193871746275722,0.7913430650664628,0.9480588296745951,-0.2208599937715019,0.6073687820586899,0.20977846565522326,0.936179818224108,0.4423925435239722,0.6403872982734029
16,1186.1796060556953,-1324.117880645208,444.21687125082826,1878.1048555412453,-38.282723022417485,226.25848293124739,92,-49,10,-8,-4,-892732,262179,-10933,6627,1052,0.2729600919458564,0.17010049614589454,-0.031045591707652816,0.0043348991775982145,0.10665565070161019,0.06351784430954867,0.1948464040480622,0.9461888925699629,-0.009062993465901628,0.02285909474501018,0.011566622369735621,0.5132302203107899
17,18366.734827920653,2345.119298560603,8438.169049531658,4017.6739628593714,1491.5695214817797,2074.2029954872414,19,1,23,4,-55,-187855,3291,-28002,-2616,15113,1.9756756616488103,0.8903256300312813,0.3234002748286694,0.5315751267439797,1.0188266463405902,0.7996435000811594,0.3756470796410106,0.916828310369443,0.15965136445936512,0.9843152062548692,0.09815029637916853,0.08251509672524793
18,24857.242800540233,7977.527380765823,9228.205190774403,1597.9095787798342,4942.241210994336,1111.3594392258392,-51,-85,11,17,3,520003,457995,-12867,-12371,171,2.567640188053622,0.8935230334882133,1.1938291748140197,0.6781757474653389,0.4074173887498337,0.25096521807305794,0.10964126199400118,0.8682457257778902,0.6563897451230413,0.9747757967998683,0.200362617372743,0.6008156683179262
19,-7123.752725277298,-15209.46089625149,7139.756797392387,639.9288846943837,1381.460002606971,-1075.4375137195493,68,62,5,-10,13,-681256,-320016,-6040,9823,-3430,0.5053735728573683,0.13245446098741498,-0.37167855821126766,0.08702158736022433,0.7115563029378791,0.8795521649977678,0.11340698020773927,0.7661208992349567,0.11189005733141118,0.6740526290598583,-0.05980120940838921,0.1960624674842014
20,432.4741421821577,-4432.63953600009,2531.526359626325,1697.7069020425479,741.8917965331525,-106.01138001977779,30,45,30,4,21,-300045,-231616,-38408,-2370,-5749,0.05793631670758284,0.006678845556810163,-0.4244744549230218,0.44630062042949475,0.3412049640973622,0.2671363014533342,0.14161525939081746,0.5612349635774212,0.07474754052697138,0.8653997930305731,-0.07515699238454372,0.07014462668331337
21,2315.9934924950176,5323.403795484337,-3779.0153629599954,1088.1656645656913,-202.56060459501532,-114,-70,-74,-18,-23,0,692057,396262,24407,17925,-114,0.1567833538772431,0.036480840700671854,0.5215990454825751,0.531344141205662,-0.401984337157077,0.4400861213217823,0.13376024244638196,0.8835162913595902,-0.10651152233629226,0.279145147124144,0.009919925441655316,0.03763941916893551
22,21341.96403030856,11556.883208518033,7852.253829413559,1820.6086414691308,1333.8629861636327,-1221.6446352557937,49,32,-9,16,-9,-490205,-159064,14000,-10716,2031,2.4157363244787913,0.9663693280913537,1.423906625316215,0.9261965770437888,0.8510895035957562,0.9489706582383428,0.17215777481561947,0.9141809185886421,0.15132172478723438,0.9339345649578042,-0.18273930403602814,0.8469140115251689
23,12784.31025635307,2849.2754835094092,9573.16134447261,3943.290749595624,933.2527582303023,-4514.670079454875,-91,64,27,3,-18,917843,-330578,-33210,-1514,3185,1.8510870311537986,0.7912541677136296,0.8078458556610096,0.5729991609739562,1.1059004562352108,0.9355302352600249,0.3003435864051268,0.8259768092962483,0.10142931275488604,0.9484197316189634,-0.4644321799024382,0.7944894516881911
24,26407.197683130682,14408.631919924635,9178.980846704493,-238.31698492567557,3231.1241141292194,-173.2222127019927,124,-25,4,11,11,-1234142,140079,-6251,-7782,-3045,2.1913919700756983,0.6066923086183572,0.9963925911993633,0.36246646562171314,0.9926742862995798,0.6736558381592807,-0.0767563651352542,0.37257879951499695,0.3139992959221874,0.9287639768824574,-0.0349178382101814,0.12366310044183976
25,8775.670662907214,7636.318863022607,842.267034059536,-530.9224954996971,1461.6921385352625,-633.6848772104936,44,45,21,-7,3,-438349,-238712,-25160,6475,-1618,0.28771728505263755,0.10680607373198239,0.6752972388829449,0.946088075348095,-0.4462857408722127,0.24942821968004264,-0.008058547903438148,0.0034235905430567938,0.1617484305908494,0.9084990009220089,-0.09498409564550071,0.15058906251433446
26,4759.982638114119,-240.4761978238821,7268.930420694989,2004.638136540936,957.0950740314547,-5230.204795329379,-73,63,-2,-3,61,748489,-325988,4559,3216,-16231,-0.5230337322850074,0.24041925415032372,-1.0624402571546152,0.5374691300970939,0.575155200099351,0.7305589183113582,0.20295778318565022,0.9187483277249077,0.11360185943444648,0.8538666024756374,-0.3523083178498322,0.5286664517566645
27,13574.991125012402,10968.268768914626,-1429.5770290096407,2476.4901243106433,1168.482954261488,391.32630653528577,-49,83,-52,-4,-48,493626,-425006,69341,3536,12551,1.5064772611822514,0.8558889031830695,1.3150935100526167,0.8665116825815664,-0.23677428757157165,0.30220559205968145,0.11672974939219047,0.18625108094916482,0.13462312048889966,0.9211394983779952,0.1768051688201148,0.38799223626807827
28,12262.513349018072,3963.566701428732,5978.361372995016,1090.8002970971288,756.8986037628656,472.88637373433085,71,-69,2,9,59,-690443,372192,-1363,-5485,-20406,-0.04192967500533925,0.000985694470021364,-0.473283879129176,0.23687062824560298,0.2799590745504669,0.15240474333668103,0.07888056347555471,0.79245130899083,0.09458823339600404,0.9039861187315431,-0.022073667298186165,0.01190798109268042
29,7529.139325735208,4342.527527084632,4427.197067928733,1833.052648190489,304.88274286598426,-3378.5206603346305,-4,35,13,-13,-111,44773,-176905,-14683,9871,31723,1.5755474831924476,0.8493223773291988,0.5409510064324866,0.8572742901567062,0.6773858523720389,0.8266918800079697,0.12254925462931632,0.8766745612105595,-0.01528041424821165,0.01305942066629462,0.24994178400682493,0.1866578730169096
30,4879.527227834655,952.0998236639425,3655.464888874092,697.5810162653142,-437.8477768546677,12.229275885973948,31,91,40,-3,-13,-303173,-472818,-49851,1464,3514,0.9776829160021093,0.501198975614614,0.481665852429676,0.18634601069867074,0.46488612182421046,0.8411673188620248,0.06694174676119258,0.1308450029314269,-0.10148204326230585,0.5624630135625598,0.06567123824933789,0.45316543565829304
31,7659.362706798154,10689.065658167878,-5567.512613850355,1122.352792033922,821.8587427570892,593.59812768962,-33,-50,-22,-2,14,339504,249842,27831,2209,-3182,0.31022473870262296,0.24018804820864087,0.7401184704460517,0.6344590929080552,-0.6315803347338493,0.3881719304083064,0.0885273750673239,0.4377459982597702,0.06384479255066419,0.5362418556878933,0.04931443537243095,0.425675963948609
32,30879.976228047126,14399.218645881134,6771.538282217996,2003.200757330218,948.9730695618109,6757.045473055965,-26,22,28,18,73,270850,-107786,-36284,-13345,-19944,3.800516410603242,0.9369002511351543,1.799217199336949,0.9078531126197306,0.4361319438605644,0.5758080845471002,0.1969963761782729,0.7587281503764491,0.142415096043473,0.6748183178544935,1.2257557951839877,0.8646621296610525
33,15329.529053461107,1294.7167143774277,9094.73074314231,2193.5371636820782,686.7945963550096,2059.749835904281,23,-100,9,4,-8,-222629,540808,-9624,-2474,3306,2.1381176174547574,0.9357670381523906,0.42814214541602247,0.530463153045919,1.1869486778510867,0.9336063962442412,0.2404454095329027,0.9012686064654206,0.04263279374293616,0.6922977441457722,0.2399485909117999,0.8478370363272977
34,8998.312263912321,6253.052456698046,-2259.355214341078,705.7447244896503,1502.2600810748172,2796.610215990886,11,-65,-19,-3,-65,-104655,346397,25944,3454,18524,0.4776193077168702,0.5092669796510598,0.5295612994198351,0.946686422024926,-0.5122900242109002,0.6446705522372305,0.047570747520218726,0.31776485582742175,0.1736425371700096,0.9376652495101794,0.23913474781769709,0.6007423800965147
35,15660.787286429813,10720.122295673063,1554.1301043313797,1158.2324766073089,1019.4793946294981,1208.8230151885632,-42,11,-11,-5,-16,415822,-55873,16885,4953,4221,1.699990715502931,0.8763559227514893,1.3162921529699838,0.8212560979806411,0.09864623047815868,0.052797713197756904,0.06738414222375708,0.6650623868546889,0.15949903868432877,0.9007511217268342,0.05816915114671019,0.3854945107275165
36,28160.843250415644,16138.691724818316,11662.598027500506,1161.4991344486455,1017.8284004903135,-1819.774036842136,-85,11,-1,-4,11,846769,-45908,2374,4004,-3730,2.14089394906563,0.8920075900430005,0.9866443112583593,0.6549868648781471,1.1523635755714996,0.9535543416353425,0.139704362892959,0.7926041786174485,0.09048986990142154,0.8995840540128313,-0.22830817055859964,0.8892744174169444
37,1357.1502782641255,12573.925388282863,-14677.292922437307,2114.718203413533,703.5004907029352,642.2991183021004,-104,85,7,-3,-40,1051203,-433171,-8129,3326,11882,0.2148261372477402,0.04688240090808878,1.382915190748351,0.6794101691231458,-1.4290009163803097,0.9630870295635833,0.2147308941161054,0.9653930073846024,0.05700012062040585,0.8543774714579615,-0.010819151856811225,0.01326475854540237
38,24022.33001078195,14440.404917963198,6894.01668153744,2639.7348321951704,1122.4783165677009,-1074.3047374815615,68,-95,6,8,-61,-681550,507458,-5273,-5396,16325,2.0355597164992676,0.8620860675913523,1.4851529283412548,0.8611348521883696,0.4263179897218865,0.5459333617699725,0.2646133056200337,0.941931318737947,0.16450610512510458,0.8405827055577381,-0.3050306123090243,0.2879023140629507
39,11557.788093125468,3566.549964349193,2895.2762155322125,1688.5394342123209,1086.6155145744538,2320.806964457285,52,44,4,2,-8,-516571,-226963,-3297,-422,2088,1.0257820969669573,0.8409541459590372,0.819968229063289,0.90416283848312,-0.23542262539900197,0.1367240883637256,0.16267972234617695,0.8923610028322331,0.10744662779317253,0.9403495429206473,0.17111014316331877,0.7305502399613873
40,18967.46077329567,13013.435987653676,9334.138411812892,1516.1252215641077,2264.162094519923,-7160.400942254931,-62,-91,-1,-13,48,619727,486210,2909,11797,-14184,1.2386167394795504,0.6166735784109516,0.9105084542985263,0.8001938753431872,0.6506152037344687,0.6290667287674503,0.14659364085077767,0.8898021984929368,0.2559468299457697,0.9391306712781576,-0.7250473893499906,0.6632395982679626
41,13631.294212050147,10208.988283466664,-3242.866545726545,2263.3104681965633,2855.017335564313,1546.8446705491506,26,110,20,19,18,-255360,-561219,-24723,-13030,-6089,1.6556432012338136,0.7229359459593806,1.3331669800147887,0.8380827161836648,-0.2748216851966159,0.24096040136211122,0.19511523827615715,0.906129385481336,0.29660450054511983,0.7985798715030422,0.10557816759437397,0.8216205378364019
42,18310.285665250063,5048.181060734438,6481.321539884448,1835.2953108390436,899.4849645827819,4046.0027892093512,-26,-16,1,-2,-42,268116,90754,492,2438,12512,1.6172304475651818,0.8574165778011132,0.3413709376617569,0.23733615423422766,0.6914382273708096,0.9676841636914149,0.18685048422575856,0.9648495906673042,0.09671560344149424,0.9322092672584755,0.3008551948653814,0.5520267194339986
43,12232.782804421004,2732.084718469385,7143.069395351049,402.5597948055074,1035.784764270009,919.2841315250544,-25,23,-20,9,-16,247072,-112816,27956,-6142,3871,1.3239661421409086,0.9124666812287205,0.4009177554043019,0.8587190251166329,0.5502803319629447,0.6969917188498765,0.0903375178738432,0.6402190751890121,0.13861156238187403,0.9191727398942584,0.14381897451794298,0.8776521815737004
44,21275.43025908644,7450.501249633555,10518.11227226432,2107.853310280835,1087.415723360072,111.54770354765384,-16,77,5,-1,-1,167862,-384074,-4415,1893,514,2.427351383775372,0.9647638040396093,0.6742810778051901,0.9392730799188215,1.415426195677972,0.9275706356973763,0.24684390765717532,0.9667541517117176,0.09775082375293317,0.9520780156540404,-0.006950621117904346,0.05998158520823986
45,-2555.0300789958947,-7482.042290159472,-1380.2871857840219,2861.6911984910985,536.233273078522,2909.374925377979,-21,-86,24,9,51,208772,460038,-28828,-5669,-14819,-0.3119611686049136,0.38136294456592956,-1.1037872941910547,0.859396519059652,0.16113103594741052,0.08536576819862425,0.28826362444363096,0.7685530499190005,0.060008428478012944,0.9545970562623142,0.28242303671708713,0.48222170018198063
46,10638.632061658815,8050.826671207295,4687.161105108389,1456.4378647733351,1575.6507103355912,-5131.4442897657955,-14,-32,-1,-6,58,146669,176678,2835,5473,-13808,1.34342240713808,0.9089895624840365,0.7952495887844618,0.9592210205899833,0.8975180431130811,0.853522004928456,0.15646502162828474,0.9500146803589706,0.1743759691658443,0.9797603991069924,-0.6801862155535862,0.8920554350628457
47,-362.38162670986276,-6938.008092271513,5336.362051126955,692.5479646393287,-548.6292110721952,1095.345660867562,105,34,-8,-20,16,-1038464,-171073,10579,15506,-2704,-0.3141506233344019,0.02192383681223078,-0.6508840525578936,0.1045973760469777,0.3591977862523076,0.2670780964124947,0.012640319159191416,0.01998048724488464,-0.10666303648572366,0.4840242708957126,0.07155836029771506,0.29965871440925057
48,17378.65655412941,4930.540643807326,8635.814820993168,1140.6785404815928,1662.955657035769,1008.6668918115561,-41,-79,5,16,-16,411628,423685,-5092,-12012,3269,1.4244678129329684,0.9033623132360453,0.47693800461057134,0.7480692419898792,0.5299393769430719,0.6114312666683955,0.10241807899078693,0.8959460409367827,0.20108588295036045,0.9270288912265987,0.11408646943819603,0.7191147136989187
49,-1890.2483293965379,10884.108565706993,-14767.373824420385,1510.0424787197044,1198.0417169766733,-715.0672663795226,-69,-118,22,18,-5,683897,632025,-25168,-14606,1782,-1.0509917268774815,0.5649847087463232,0.0923892249854173,0.010806420706663735,-1.3365805335956917,0.6174372134400001,0.20929268785377517,0.8598691980182464,0.0687408989637703,0.3020944036795021,-0.08483400508476527,0.7937598476092091
50,3612.8308772935798,-899.8567834462156,1228.4597044101683,1760.3079344210782,855.5024241481296,668.4175977604191,22,60,-25,-7,-14,-217310,-311881,35522,6473,2856,0.38756170062645623,0.3101402083394627,-0.006255598101964031,0.00006701125540789126,0.16585016195708557,0.049107275909931046,0.08496833818928365,0.32679736667688863,0.09618653358484873,0.809808609247111,0.04681226499721161,0.36623788985303507
51,14880.92989540918,6567.682353530428,5548.8890868942835,551.4089933931318,2077.022202774162,135.92725881717297,-33,21,-49,15,10,332470,-103031,62031,-10714,-1311,1.5186833765608767,0.9060583178692313,0.6903132509955626,0.860040904126803,0.515119701653285,0.44590529220531966,0.10286953162568292,0.12391113929579504,0.19614416609962892,0.9142887957289586,0.014236726186727397,0.3457073925915673
52,15423.48035578836,8523.948235717893,11628.167521942523,363.16902712785304,1724.3724092149641,-6816.176838214873,22,-51,20,20,104,-202383,286953,-25524,-16200,-24624,2.1538101347332907,0.6985124915773879,0.7528830862395363,0.6140785584232535,1.4912409196731873,0.8861561282853367,0.09873542087957353,0.3157942680579256,0.21377867513227114,0.946096692842016,-0.4028279671913175,0.24480455216682875
53,18191.752531593014,1951.954530943185,9630.954155307554,3014.039585012455,1682.9310221876185,1911.8732381422014,31,-86,-20,1,-82,-305062,471526,26451,981,21038,1.8297801707205894,0.9410093947870449,0.14773345578255917,0.40567584759421216,1.2308491352110982,0.9161028001986282,0.30518039971970085,0.9154043999849344,0.17218265750981368,0.965675407276992,-0.026165477502597016,0.04313464112275855
54,7844.697682730039,3085.0789142453577,469.79570761404466,2282.8704280540696,996.4632251540716,1010.4894076624951,-28,-176,-12,-9,10,286000,932726,15995,9302,-2657,0.962323736268372,0.7598321116419591,0.30070068042716563,0.6685777653302618,0.2301701680185906,0.12961719499143234,0.21454545201258826,0.916054665556115,0.12475974113801191,0.9150423244714831,0.0921476946720091,0.8034159768128438
55,23029.385241779044,9211.890175053268,5805.510440133396,2144.6798541975804,501.876191575187,5365.428580819615,62,73,-10,-4,-94,-612398,-373802,14335,3589,25043,1.724104945888084,0.8399017253046426,0.7717276150911924,0.8109646170843339,0.5746133229036697,0.7009154072732858,0.2649234817457092,0.8759351581162994,-0.013632732530087788,0.013080035243560375,0.12647325867760253,0.03341108606381019
56,11075.755371863841,164.46106779804904,8556.45850307442,1704.5088772719037,827,-176.67307628053186,1,14,-4,0,9,-10068,-65703,6405,827,-2878,1.1209058720248257,0.8301119487942858,0.10456994218718182,0.09001154509285174,0.839693572452011,0.805250505102899,0.1947655763039741,0.9218819319380722,0.05348834100843293,0.2725088156558735,-0.07161155992678588,0.28543733569868235
57,16533.605469613904,10311.930110058165,5386.2723401069525,-2014.216992283502,2167.609414051248,682.0105976810412,68,14,18,3,-11,-685723,-67029,-18144,-586,1520,1.7774649164117942,0.8362507930822645,1.3053594680399623,0.8614647520100747,0.34710411447985473,0.4652949494570216,-0.17860524861426816,0.6718584583397322,0.23805437341978142,0.9538144868773513,0.06555220908647424,0.738521757973779
58,20584.472505503472,13921.381669338502,2745.6615278451354,2705.507851800674,799.2189551872062,412.7025013319544,-30,-68,-16,-1,5,319258,362964,21700,1592,-1007,2.1131369998909704,0.9286357953795371,1.3121302789600386,0.9377861871829793,0.40988098619800606,0.5122484680212555,0.246533317252428,0.8735557710281289,0.0811874849023965,0.9356365000210327,0.06340493257810059,0.7702946437848682
59,10455.970297424521,5948.6173110760865,-1599.3682223320357,1510.6936905571747,1948.872223495011,2647.1552946282845,18,-44,-22,22,31,-174394,232757,28276,-18061,-11040,0.7187991868724583,0.4585303923621442,0.8336707455905994,0.8632580109320211,-0.5370420563583173,0.3827240230930364,0.10550080281343048,0.1533364061029343,0.16662767614824375,0.4511342742852356,0.1500420186785228,0.6233415519228053
60,4198.268730440892,2286.324108354631,1868.6374083203846,691.8503222760992,-214.34902919460546,-434.1940793156173,55,-80,-41,10,49,-547450,426512,54398,-5139,-14277,0.3758603655295136,0.37360571162318335,0.15931111594609426,0.3079640873378987,0.3035322785054505,0.28994416554404784,-0.022011242585104902,0.021137360034293496,-0.05269830246297532,0.6447323506789867,-0.012273483873952913,0.01242107712191316
61,-5569.597559978767,-14433.008680337574,6534.714555125538,-1143.5269899769937,749.9927177284262,2722.2308374818376,114,-35,14,11,-4,-1115593,191638,-16664,-7756,4061,-0.8596301963304247,0.29381998588164604,-2.0502490258459303,0.7585697891007043,0.6941125465279112,0.7227849518159131,-0.10154956945128726,0.4293715385722693,0.042094939373289945,0.43402743753224043,0.555960913065584,0.7681417649078318
62,26306.056154683138,14670.32947919215,7100.533370977413,3090.1312933461704,1175.5739444494284,269.4880667179741,104,36,21,10,12,-1054017,-182155,-25427,-5949,-2922,2.4757160215354594,0.881644196613307,1.4051014609193122,0.8976693700188529,0.6421502019304196,0.4703816096604095,0.2929158128627029,0.8310656700369285,0.11348036616004842,0.963872706526268,0.02206817966299911,0.5021818063963802
63,7264.612141775432,2857.6283137822757,660.4800622346811,1867.9689565738008,1100.3408554389944,778.1939537456801,17,-52,-12,8,-49,-170772,280691,18279,-5704,12594,0.5677549282808332,0.5375152475178593,0.20913028667087688,0.38344060070727853,-0.025049327349682973,0.004879499009574085,0.24298741389293743,0.9199481348061845,0.11171968029359373,0.9384845432851299,0.028966874773104306,0.11269870664525732
64,10222.486640514235,773.9328362828237,10317.061140072241,115.23828755043814,-220.29782950351,-763.447793887759,-35,-63,4,-18,80,352122,342779,-5867,14712,-16579,0.42151829446543615,0.26775024365982636,-0.18926754628089412,0.07134567598676901,0.9296091586755582,0.8412947819110941,-0.04058712503789433,0.5591977306612409,0.02779925507132924,0.12885988106364785,-0.3060354479626797,0.48174854497607106
65,3631.635987580028,2944.660858592484,-2334.8809777416755,2970.565952793644,811.5660838488238,-760.2759299132485,106,84,18,17,50,-1035583,-428837,-22352,-14131,-11608,0.4608312716239263,0.23710629925301727,0.3280349622605411,0.2432430458045913,0.11053250411132748,0.09448933357435724,0.2468677279891062,0.8998662591735479,0.11142286225741564,0.7519337646595636,-0.33602678499446004,0.44164423678289605
66,13032.489098724613,14771.95942231179,-3839.1602217426407,1384.4635756572538,1300.9382304796736,-585.7119079814639,6,29,2,6,7,-46250,-152937,-1118,-3454,-1361,1.1760876985277475,0.7012981950800046,1.7241310986320726,0.8225764223042605,-0.8739913459837845,0.6382656284057009,0.10989385182904422,0.7114366431826012,0.15656036131696882,0.9378256891237555,0.05949373273349146,0.06740592864531202
67,21657.68329572493,10560.14472052337,8162.905843951157,1437.2911807998753,582.6116267242214,914.7299237263085,9,48,-7,-5,-6,-78096,-243728,10081,4741,2045,2.509453230316216,0.956737643007345,1.3814229962062499,0.9278395814438294,0.8247773166883363,0.9282810340140673,0.15344841429942613,0.9550440854159792,0.030434548968689745,0.5064047004191562,0.1193699541534852,0.8678329730586267
68,13642.440396173484,9550.849440270831,7057.0459190179245,891.6235699470762,944.8719311566537,-4801.950464219,12,-46,-9,1,89,-110543,250811,11114,304,-21185,1.3067007004222224,0.7378111674275459,0.8601207416969887,0.8343465703860773,0.6404939328482927,0.6466538113982025,0.11560216917672934,0.7988094313859511,0.07962607157499417,0.7786705032325788,-0.3891422148747664,0.5504179051203127
69,14078.47519708801,7994.350193548948,7661.470119842794,315.9676603269436,-1537.2509783214227,-356.0617983092525,32,53,-10,13,63,-305839,-269260,13546,-8461,-17323,1.1441686863956124,0.7430769442245536,0.7317234765242822,0.8396252570727837,0.7452911101250277,0.70609249888041,-0.0057385265305731,0.008386778439512415,-0.22580537293444905,0.8820674017505127,-0.10130200078868073,0.10651450907326485
70,11726.036606673248,5970.376245710897,2570.0726896780907,1623.4724169287128,757.7556495169031,804.3596048386444,3,6,2,2,49,-23599,-29404,-932,-971,-13260,1.0541717922803453,0.7755991757763085,0.6721646567419702,0.7068039993047995,0.08812892657569073,0.036493140060450555,0.173147442478925,0.9291477455044505,0.07279150001122596,0.9652919597623838,0.04793926647252298,0.05565780448519282
71,20186.529817130366,16472.79073067638,3894.565155770688,322.54096141001355,1979.3102502244583,-2482.677280951175,70,56,-16,-17,-34,-698098,-287362,23103,13477,8555,1.2165406618864085,0.70442766265966,1.4209941177743852,0.8140880672368226,0.12786399499159926,0.0695844096958841,0.06471550660013607,0.5392860400555692,0.18762823102244688,0.9475871907887817,-0.5846611885021705,0.7853782285554888
72,15107.493432916366,5444.472850631457,9817.486550993955,1469.473417348956,97.62781278920738,-1721.5671988472095,-45,29,-21,12,140,452714,-141976,27704,-8358,-34560,0.6408815646665641,0.16148175162609205,0.17480605580865347,0.05897499577730111,0.8545132872706542,0.4005180669120581,0.14055624747224452,0.7609943573524081,-0.02601269545327516,0.12663252614304077,-0.502981330431716,0.5764963520424246
73,-1963.28424121836,6982.109197678743,-8439.525107330817,985.6766745691548,283.17414588414977,-1774.7191520195902,99,67,9,7,22,-993098,-345589,-9796,-6529,-6189,-0.19910605309892354,0.03857821221213948,1.100888466121034,0.672921965332659,-1.1904510421463297,0.835289356635879,0.11828664786159458,0.8675787671886431,0.0002890136854051689,0.00016113159990533782,-0.2281191386206328,0.6738088974776965
74,13683.283024865803,17391.48629605444,-4230.9720461321995,3037.357180259023,-776.4661737462411,-1738.1222315692219,-71,-73,-32,-19,-3,701013,398621,38266,15358,-427,0.7132543603759489,0.38854896658638755,1.337692997167421,0.7178548023124213,-0.6356358860573209,0.6409086256393344,0.1936578401093716,0.7577295599519459,0.03804536804695252,0.08108265278736676,-0.22050595889049499,0.892674244246538
75,16732.270408550627,10345.409549890901,5352.984189257375,1413.5769674302428,-499.39227504273094,119.69197701484018,57,35,-16,-4,-4,-566046,-176823,21135,3188,1029,1.7713306633214487,0.8049768790872076,0.8284890854049842,0.5252746620867992,0.8885587842602073,0.803452286083958,0.11518808475312317,0.8216813271096994,-0.094676900296384,0.6655636413332057,0.03377160919954612,0.15542194632123021
76,15674.327613690139,9460.75067733333,9600.68027764291,2002.3124892698597,3306.82595840455,-8696.241788960513,58,-85,10,16,50,-572413,456694,-11137,-11552,-13735,0.9680074573177732,0.4715636607163423,0.4420975573193971,0.2888727011654416,1.0142228783623248,0.821018882271063,0.14811487610825072,0.7395376886887292,0.33424705506865904,0.9595542584501444,-0.9706749095408548,0.9017763305309913
77,21451.24344570569,7351.107724761474,12283.769404463746,2406.3421077781386,997.7840632250127,-1587.7598545226792,30,-7,30,-8,142,-297570,48842,-36849,6045,-34691,2.370259880118238,0.9091719314320563,0.6910583278122281,0.8038198462202545,1.3376157850432815,0.9411422972643728,0.3782332229612321,0.8131860548382261,0.08157249418777493,0.9002730142283102,-0.11821994988627915,0.05024967608200433
78,-5441.291704981713,-15696.249615126173,7086.027712610434,1054.7583162981973,1194.6938986288696,919.4779826069597,-84,-61,4,-7,2,870891,330864,-4376,6641,316,0.8953380259572159,0.21727606666231628,-0.3879909319346789,0.09586541554653397,0.9330001597150186,0.6694369650405244,0.0651322143773614,0.46891740644200675,0.1395034238553149,0.9528923703197667,0.14569315994424195,0.677963112859
79,19088.043288814868,5919.690229622647,8978.7678149626,1781.0859977615155,1263.1150592585236,1145.38418720958,39,56,-5,-4,65,-383339,-283651,8006,4198,-16872,1.7539063226725236,0.8140801874023034,0.3125402591422604,0.37275027956882884,0.9853576556998533,0.8323034731521547,0.17946821845587643,0.9629395036630031,0.11715374214977227,0.9661676181053892,0.15938644722476958,0.3048668829839924
80,28545.825373272695,12828.175190287031,12522.166397915571,1831.0800467202353,980,384.4037383498576,-25,75,-17,0,-8,256090,-381440,22678,980,2100,2.9409403208626057,0.9843061851885334,1.5742789825470649,0.9738324415768226,1.095573111391783,0.9539828172224695,0.10148031466704087,0.6128266692525963,0.1100585108054706,0.9799508550102399,0.0595494014512397,0.7804833300844737
81,23660.683127871434,8454.939431134902,14958.537864542654,165.5207692246895,780.0543125009244,-698.3692495317327,11,39,9,9,-22,-101927,-186596,-10533,-6038,5731,1.8903137426681826,0.9164214632054313,0.799508254857133,0.8559991369991132,0.9940448041154049,0.8390332084914479,0.02487279935262722,0.032497146465011936,0.10960722796872292,0.897307667516824,-0.037719343625721886,0.10662293834345639
82,12261.859564943963,5535.060026208521,4913.749916848057,74.12331257828555,1345.519315043789,393.40699426531137,-35,22,-21,-9,20,357823,-108670,28041,7436,-4701,1.3858985064740745,0.828522718753926,0.5820830475136528,0.9477396695511882,0.4729613088904234,0.4300188961183997,0.06303554814531961,0.34820309049474113,0.11543897149599329,0.9275088242602917,0.15237963042867692,0.5110954078000134
83,6770.357417985268,6384.021307759685,-2851.9896265289863,2059.208343399254,1143.325801232233,35.791592123081955,-23,56,-10,-12,-8,227935,-290728,13402,11368,2473,0.6598290588061234,0.5518181399329427,0.6683733276654998,0.9534519637364862,-0.38601525895392996,0.31195885401930973,0.2310936989530467,0.8250081541895494,0.10317648470046567,0.9398070567991017,0.043200806441032184,0.5043803726422407
84,10460.921937359368,9399.228629440971,5184.225363985635,2015.8646934150984,680,-6818.396749482337,-14,84,2,0,160,146369,-427313,-472,680,-37371,1.8646525351855177,0.7727784927320817,1.0110828758489419,0.8288965092055429,0.6534510133175809,0.5655134025834322,0.2021996654274562,0.9631397541793865,0.07139384322403583,0.7656728616909675,-0.0734748626325092,0.03602405737892104
85,12267.635828121885,1251.2658442860702,7689.644347129855,575.7011397091755,1745.2837577945193,1005.7407392022642,95,36,-4,9,-24,-935464,-180200,5599,-6280,6511,1.535104204562867,0.7651706564847411,0.38575199110041863,0.16940316813015172,0.7735460841934837,0.9167775066992147,0.0790345083220908,0.8688838707953448,0.19083628442648407,0.8965554251809432,0.10593533652037398,0.3232812408909174
86,25343.380669173668,11779.116898893746,3206.756884218019,2732.2057409843837,1594.4110507435125,6030.890094334003,-3,-84,12,4,-73,42512,452808,-13777,-1704,19866,3.2826318379406465,0.9533247257079612,1.1719809413900053,0.6766153810385689,0.4993055291383847,0.5806332947480369,0.25424974306458764,0.9776715279379159,0.17634476553559833,0.9394562724823435,1.1807508588120526,0.8440441775580299
87,4373.78246103172,493.5735543628107,1886.870490656438,721.2567302760508,1707.0831047700103,-435.00141903358985,46,-47,13,14,7,-448753,254732,-12749,-9284,-1554,0.05010996391709434,0.014633719913932326,-0.29945184875939557,0.4477588777307166,0.12324990901003165,0.1555349646592038,0.08008862144621118,0.8633037864533042,0.1665844920229718,0.8372072705830798,-0.020361209802721124,0.3699149534632477
88,16484.731829264398,8139.993972951546,8005.413472569606,2151.6698385669442,360.3321316604779,-2172.6775864841766,113,18,-1,-13,-55,-1111658,-84975,3342,11972,14915,1.0590336019485282,0.4884500075334363,0.17462001963920395,0.029457737706703895,0.8130167121621175,0.889174180853304,0.21082269542537196,0.9245863903374069,0.02504070004028014,0.31952294146451876,-0.1644665253184782,0.10200493161445931
89,7721.051822598587,1165.6525194695569,5122.488446690084,1086.4988677385663,883.1343205594535,-536.7223318590732,38,-59,-4,-5,25,-374134,317624,5757,4642,-6636,0.4921230999006829,0.39578413118262906,-0.049827507474981984,0.009265104296949492,0.5120926157490372,0.6181578420647142,0.08205333103247596,0.6803003655733452,0.06132736025384875,0.6938725833832894,-0.11352269965970643,0.45008792972214495
90,11350.635711849256,9372.892688558088,2432.399536540266,-577.997717799648,340.3412045505502,-217,58,130,26,-17,0,-569349,-672487,-31937,13448,-217,1.2620209561904572,0.5952886609646049,0.8704481854027151,0.7959580053771781,0.36940428759662586,0.24582282955658974,-0.03597752419949769,0.03395830262176393,0.07315412648642397,0.2979869735132419,-0.015008119095840884,0.3374996567564268
91,-1424.1470667617077,-10266.94167856942,4975.3965275625815,2215.611870890687,424.50843407715274,1227.2777792772904,-65,-57,18,7,11,657716,305258,-22264,-4619,-2424,-0.06960172454926965,0.007744848160004515,-0.892487563935831,0.5087016437977815,0.5171067313509882,0.905153994297573,0.20046413601057822,0.750605242490714,0.02541023959007124,0.47051621877020594,0.07990473243491504,0.503708428196163
92,29715.11491203996,13351.401767220872,7529.633323736431,840.0042563539082,1371.2801965509416,6622.795368177807,39,-52,11,-8,-36,-390837,286726,-12001,6898,12181,2.899186057767086,0.970023661683577,1.314762568959802,0.9299093108470925,0.4543164497081135,0.27994223738669555,0.09304132822795301,0.7924814602633979,0.11047296335414343,0.8962460950024846,0.926592747517092,0.7995387759120691
93,22623.681895236357,14602.516207897279,7728.285906073055,-1129.4195934680683,739.3929855356578,682.9063891984342,-35,69,-34,4,-5,367554,-344816,46979,-2373,1848,1.9823002093224713,0.8012029490917031,1.267386816487339,0.7393422165885525,0.6248722255040599,0.46206819932637383,-0.060912581205990565,0.11945086159912645,0.0960626118357331,0.8786089905099462,0.05489113670132227,0.8891887998507277
94,6695.2167552316805,9402.904765300365,-5703.554458071885,2132.8351945578397,-155.49700720444343,1018.528260649804,-12,66,32,-6,-34,127973,-342396,-39645,5238,8769,1.0394394955897108,0.6033651730418368,0.918631380234738,0.936339904675821,-0.19892316873123114,0.05564379578245147,0.18451110119599276,0.9046224004582005,-0.03173605012099968,0.2106613493035118,0.16695623301120016,0.35637488190342853
95,14762.930163532668,11513.390063488507,3891.256759135751,-1006.6577012830385,-102.95276372518492,467.89380591663394,48,154,-18,15,-40,-467081,-789798,23560,-9454,10293,1.469326176724276,0.7214091656846064,1.2335420849036227,0.6423847361077601,0.09324446952930712,0.05923821627152287,-0.08401821881191374,0.2781968378794669,-0.0011818929038413853,0.0003387534246327016,0.2277397340071011,0.44873170764148035
96,18229.562609590983,12288.344308596716,2039.4812882726546,3702.3449319640567,1257.6606349767608,-1058.268554219204,9,-29,-32,-8,35,-78423,156978,39205,6567,-8625,2.1612929679979977,0.8330364765413357,1.4675828687064465,0.7625092294839942,0.36951046793498266,0.5515325618710654,0.31979690866475025,0.7200470750528872,0.1331938651666722,0.9209100031420453,-0.1287911424748278,0.35836189512128647
97,11583.837782324777,4168.698198784143,5812.4449562470545,1406,910.9173175642081,-714.2226902706279,77,48,0,5,77,-752939,-243820,1406,-3126,-25369,1.0304328521546806,0.818956111409092,0.5056991257212035,0.6933979177689734,0.30181222631174387,0.349678305599495,0.15798460167394016,0.836621736981985,0.08614287927445682,0.7498146924392997,-0.02120598082665642,0.025262633748436045
98,2485.491727821325,2363.0706029699068,-3601.8539969613776,2372.585439283612,1260.6830333174294,91.00664921175508,-15,-109,6,3,2,154702,571117,-6348,-945,-355,0.13484649075392866,0.025843287245259455,0.04986780798151688,0.04726474218472851,-0.2617839472142819,0.12223807535141742,0.20151144307341137,0.9374167894483486,0.13273545601659667,0.9334796537163169,0.012515730896689552,0.17761695957852996
99,4276.677816877505,-1557.0188096186612,3793.4627074296586,857.2482272252282,750.6273541535943,432.358337687685,-56,-86,-4,-2,-3,557804,464890,6088,2542,1373,0.8506192363337978,0.20843420385621578,-0.1763466146381175,0.014049592573133388,0.8318208087923059,0.8422746718172762,0.09110737337216894,0.9272021962417588,0.06648255937867896,0.7075603833866778,0.03755510942876032,0.8891369297803318
