session_id,day,total_pnl,HYDROGEL_PACK_pnl,VELVETFRUIT_EXTRACT_pnl,VEV_4000_pnl,VEV_4500_pnl,VEV_5000_pnl,total_slope_per_step,total_r2,HYDROGEL_PACK_slope_per_step,HYDROGEL_PACK_r2,VELVETFRUIT_EXTRACT_slope_per_step,VELVETFRUIT_EXTRACT_r2,VEV_4000_slope_per_step,VEV_4000_r2,VEV_4500_slope_per_step,VEV_4500_r2,VEV_5000_slope_per_step,VEV_5000_r2
0,-2,27778.662295744463,15499.359240806021,10669.899328537198,362.0092821433682,1133.0044865387977,114.38995771907707,2.4537659317602487,0.9365845922178465,1.206693828548998,0.9122156703978419,1.1627837418623184,0.9045024318766064,-0.03697686320600847,0.041252952119578176,0.10925445165805255,0.9804378478616149,0.012010772896876323,0.20137725755170705
1,-1,-4136.275168165346,10036.06313540769,1363.7988305127947,920.7694565072029,863.5600330949901,-17320.466623688026,0.3072392756839237,0.07336886882798847,1.0147134794811932,0.7492874677863065,0.2417887716181472,0.3098660041361328,0.09811353597405044,0.563837668901934,0.09586467925159495,0.8350609632840392,-1.1432411906410744,0.45171007806983976
2,-2,948.6032303766697,-9314.120217803866,5668.323823572777,2911.5027110511583,1042.3154628654265,640.5814506911738,-0.40341215823487286,0.09799259331010342,-1.1864150511237361,0.6079872746970987,0.2425589717116833,0.2996792213993875,0.32944815296690055,0.8311470914729615,0.06104300814769585,0.21564657261937054,0.1499527600625845,0.059015626210559495
3,-1,21153.43066762934,6313.443387723935,14212.574935668905,1124.150993159994,1301.7954129994105,-1798.5340619229046,2.3081502561837612,0.7023326361425866,0.7692922794827789,0.5731053944980189,1.5478536285365483,0.6936861667343606,0.12451539549659706,0.8127201925407218,0.12705192226514214,0.9053529532776817,-0.26056296959731123,0.3004122355173723
4,-2,27277.269570812645,12571.52895966696,10127.990739707893,2420.42908167532,270.69735366396617,1886.6234360985036,2.785584444593792,0.9336687351886929,1.4921065678895729,0.9077713130955455,0.5509477090584788,0.5007585210882115,0.33716718676879404,0.7952363499671674,0.036580731313695464,0.6236785759756778,0.3687822495632352,0.5290283761375258
5,-1,17849.90844629665,8968.769768274971,5814.455764634302,285.0478116191043,914.6130009504413,1867.0221008178305,1.721452045681321,0.8517111505107513,1.0270760107786487,0.8718414954265915,0.30983899395032294,0.11352474430118366,0.026231737915863643,0.05832382010417568,0.0936786243270094,0.7808174143120618,0.2646266787095042,0.353674699142495
6,-2,5857.533495711517,7319.067103473935,-5125.158234316623,2332,947.5713412716323,384.05328528257314,0.7671689975547296,0.5433623507167358,0.9191943843927842,0.6633734167082338,-0.5923233143379726,0.7693434520894487,0.22683907413325657,0.9165767781041088,0.0925248797615522,0.8420399921075489,0.12093397360511639,0.3346890282676268
7,-1,16596.570477271984,8679.236948874313,17141.824437237927,2605.3927457295395,606.4165002113464,-12436.300154781144,1.5610812281428623,0.6328222238039731,0.9809695145005767,0.9646438361686808,1.5661138539139552,0.86183988727679,0.3067323891074832,0.9244356855543828,0.0413379365086369,0.2637593955596828,-1.3340724658877958,0.8051631528626937
8,-2,1837.1213446488164,3241.7411342718988,-1715.203946376685,1816.4679235973108,580.1808484394387,-2086.064615283147,0.16603040466344093,0.06338037877690841,0.2210327399188689,0.15595338470135217,-0.028106168541005786,0.004482628058549433,0.20264686543944316,0.9511073208168989,0.06064766949368336,0.9800940861382729,-0.2901907016475381,0.3748938886510789
9,-1,9732.58769131235,7228.7482631478415,2214.514084278926,1093.3325724306633,1595.9517150482698,-2399.9589435933503,1.4689787261426759,0.8917944642190841,0.8649900983934322,0.9442535006362185,0.47049305030226907,0.543689254594706,0.19781803283718935,0.7786974618166022,0.21085263303096588,0.7579296002328865,-0.27517508842117977,0.8509144525725557
10,-2,26221.94158300341,10915.861844116167,13805.3336977461,2571.549430141333,1149.7814166784774,-2220.584805678671,2.689887721219607,0.8920839261582509,1.259062446949649,0.942427931819774,1.203916582546835,0.9433517694537945,0.29224626712808105,0.8977492079903133,0.1555336600676057,0.7461089039464947,-0.22087123547255266,0.09849280177163104
11,-1,13904.23381063334,5825.821374438528,16071.279782272642,1369.7833077407813,1013.394105210451,-10376.044759029064,2.2636858835177747,0.7068390403124514,0.29780820544442915,0.6767201997954612,2.0444088676565477,0.9147555166239346,0.10730988994273502,0.6967527166579675,0.09979893837460456,0.8013069437952677,-0.28564001790051236,0.05533826859425444
12,-2,21186.575731424535,17332.136386480124,215.46024741843576,1729.5585966297986,967.8544172441161,941.5660836520619,2.757892813926059,0.8813427385203357,1.8381515567296574,0.9077274978445612,0.3931807513286628,0.24956016785117568,0.105192572296522,0.8071870924405307,0.1131030826390758,0.866397906918023,0.30826485093211026,0.41537231766436317
13,-1,-358.41485304542584,17211.256102777086,-19950.824030894437,-2527.332842034448,2181.0259022398495,2727.460014866523,0.13496803580210956,0.004459324991494039,2.1890756885323923,0.9094815741882583,-2.3030332197448855,0.7887974706837956,-0.2235672824872066,0.4818754916971013,0.14099516734231823,0.28241455898678436,0.33149768215950653,0.3213093724197218
14,-2,13693.304030329404,5154.88720972318,11059.60101955723,-483.95615750762954,910,-2947.228041443377,1.314991420378627,0.628364460393037,0.3919210676883323,0.5583233773940754,1.0678648596827849,0.6831185503663961,-0.11889377725803324,0.2619163377809028,0.09576344809482995,0.9240080922113391,-0.12166417782928128,0.2979105532776553
15,-1,8849.672437508005,10135.781966790262,-2276.1055604207795,-1173.766492765346,2199.2685209169904,-35.505997013121714,0.9975270061375207,0.6843415024726617,1.118740764299092,0.9193871746275722,-0.10456093325380798,0.023885013705103906,-0.2208599937715019,0.6073687820586899,0.20977846565522326,0.936179818224108,-0.005571296791491669,0.15921510550654036
16,-2,4089.31686510687,-420.76621062413324,2444.002460280928,1878.1048555412453,-38.282723022417485,226.25848293124739,0.5368450921878547,0.4560062620181664,0.08252189096601366,0.03207967777777291,0.256973168269945,0.19869793982168538,0.1948464040480622,0.9461888925699629,-0.009062993465901628,0.02285909474501018,0.011566622369735621,0.5132302203107899
17,-1,11694.440396494316,2250.7170825438516,5391.507148594974,4017.6739628593714,1491.5695214817797,-1457.0273189856598,1.6491365515398486,0.8872324546399135,0.3160227861119776,0.4836227506275689,0.6514373941190555,0.6674630484035011,0.3756470796410106,0.916828310369443,0.15965136445936512,0.9843152062548692,0.14637792720844392,0.26629813207005143
18,-2,23432.895745674326,7939.242530162563,9851.00311081321,1597.9095787798342,4942.241210994336,-897.5006850756181,2.140292996637492,0.8282169485103872,1.186218774234665,0.6798683640690993,0.2501883696882152,0.06994196434924645,0.10964126199400118,0.8682457257778902,0.6563897451230413,0.9747757967998683,-0.06214515440245512,0.08731054886161276
19,-1,-5394.405269021254,-15209.46089625149,8869.104253648431,639.9288846943837,1381.460002606971,-1075.4375137195493,0.7338130755527813,0.2239731615566172,-0.37167855821126766,0.08702158736022433,0.939995805633272,0.9106740226805881,0.11340698020773927,0.7661208992349567,0.11189005733141118,0.6740526290598583,-0.05980120940838921,0.1960624674842014
20,-2,3596.12201190734,-4432.63953600009,5433.288907397771,1697.7069020425479,741.8917965331525,155.87394193395812,0.7394733787656316,0.4741855241736152,-0.4244744549230218,0.44630062042949475,0.9543604397092516,0.5981442899078112,0.14161525939081746,0.5612349635774212,0.07474754052697138,0.8653997930305731,-0.0067754059383891155,0.0007264881424248652
21,-1,4350.219318782449,5323.403795484337,-2364.7080624562223,1088.1656645656913,-202.56060459501532,505.91852578365797,0.7441182029528406,0.4494283118347916,0.5215990454825751,0.531344141205662,-0.02665482467786952,0.005080089186048982,0.13376024244638196,0.8835162913595902,-0.10651152233629226,0.279145147124144,0.2219252620380386,0.5613522454770165
22,-2,20548.07475433281,11312.806342864293,4048.912472797034,1820.6086414691308,1333.8629861636327,2031.8843110387215,2.371095222116233,0.9506514209444886,1.375158397990876,0.9278548988382869,0.4025853685925383,0.704531892691197,0.17215777481561947,0.9141809185886421,0.15132172478723438,0.9339345649578042,0.26987195592996266,0.8669000236011912
23,-1,8572.831256439822,2849.2754835094092,11391.57565645047,3943.290749595624,933.2527582303023,-10544.563391345982,1.678507818143363,0.7627299122666433,0.8078458556610096,0.5729991609739562,1.1972138066815023,0.953730303595373,0.3003435864051268,0.8259768092962483,0.10142931275488604,0.9484197316189634,-0.7283247433591621,0.7696327388190057
24,-2,29877.880995966952,14803.761792829726,12081.019153295507,-238.31698492567557,3231.1241141292194,0.2929206381750191,2.748318637642712,0.6765222803782021,1.0184797458757922,0.3487784057979658,1.5278769202582676,0.7549070006566302,-0.0767563651352542,0.37257879951499695,0.3139992959221874,0.9287639768824574,-0.0352809592782804,0.12626800661818954
25,-1,24157.237602280893,7112.258914703387,15856.692284559016,-530.9224954996971,1461.6921385352625,257.5167599829256,2.601896570162997,0.9179989100453527,0.6331967377223717,0.935144115609852,1.7943388375869698,0.9151451861687565,-0.008058547903438148,0.0034235905430567938,0.1617484305908494,0.9084990009220089,0.020671112166219904,0.014081743572984392
26,-2,17035.752476090594,-240.4761978238821,8926.063337937114,2004.638136540936,957.0950740314547,5388.432125404974,0.18510208482496096,0.0255558911180694,-1.0624402571546152,0.5374691300970939,0.7736927798907772,0.8987218710901951,0.20295778318565022,0.9187483277249077,0.11360185943444648,0.8538666024756374,0.1572899194687232,0.21849839123968878
27,-1,14180.445535860676,11847.322087557171,-1663.1761655491428,2476.4901243106433,1168.482954261488,351.3265352805149,1.2890329031532413,0.7318484753727122,1.4171885628219585,0.8585995862427812,-0.38905759919521804,0.4009830842629428,0.11672974939219047,0.18625108094916482,0.13462312048889966,0.9211394983779952,0.009549069645387135,0.060865825087089966
28,-2,5051.050985141434,3614.0699858552543,-525.2991980930674,1090.8002970971288,756.8986037628656,114.58129651925265,-0.8917055637514004,0.2141383376437904,-0.47628682143662127,0.24148861231165997,-0.47730352087386846,0.18840762601622704,0.07888056347555471,0.79245130899083,0.09458823339600404,0.9039861187315431,-0.1115840183124592,0.09012231135456517
29,-1,10315.6325907682,4342.527527084632,3982.9979056633747,1833.052648190489,304.88274286598426,-147.82823303628084,1.381969335492305,0.9425775635288967,0.5409510064324866,0.8572742901567062,0.6147469901961391,0.7745659010126237,0.12254925462931632,0.8766745612105595,-0.01528041424821165,0.01305942066629462,0.11900249848256084,0.5189026308569463
30,-2,2961.086447355481,680.0998236639425,4209.105631246581,697.5810162653142,-437.8477768546677,-2187.852246965689,0.4469531896424465,0.08485335317555331,0.4474527067426471,0.15896576911013904,0.48626765943236083,0.3051517987631424,0.06694174676119258,0.1308450029314269,-0.10148204326230585,0.5624630135625598,-0.45222688003142697,0.45347527947011834
31,-1,2472.378712863783,10689.065658167878,-11378.610091080278,1122.352792033922,821.8587427570892,1217.7116109851722,-0.23815838296195935,0.08698277115186684,0.7401184704460517,0.6344590929080552,-1.2163415723300481,0.5728320729128166,0.0885273750673239,0.4377459982597702,0.06384479255066419,0.5362418556878933,0.08569255130405411,0.44102767987679986
32,-2,22930.302788640576,14399.218645881134,3360.3424372675363,2003.200757330218,948.9730695618109,2218.5678785998753,2.6110201972879126,0.8720910318742072,1.799217199336949,0.9078531126197306,0.04038898495976496,0.005055794539385628,0.1969963761782729,0.7587281503764491,0.142415096043473,0.6748183178544935,0.43200254076943295,0.8475960392936168
33,-1,15179.108800576041,1294.7167143774277,14487.934587730793,2193.5371636820782,686.7945963550096,-3483.8742615692663,2.368623676896721,0.8345569021798516,0.42814214541602247,0.530463153045919,2.039565691648972,0.8859475324880909,0.2404454095329027,0.9012686064654206,0.04263279374293616,0.6922977441457722,-0.38216236344414173,0.6846494133811041
34,-2,5978.613122676568,6081.952010025678,-3647.1869934644783,705.7447244896503,1502.2600810748172,1335.8433005509014,-0.04952290744740408,0.0032299631823598106,0.5207441564986381,0.9487542744960566,-0.8672424881866143,0.45220852856372235,0.047570747520218726,0.31776485582742175,0.1736425371700096,0.9376652495101794,0.07576213955033777,0.04732256413956452
35,-1,22731.500226710115,10720.122295673063,8756.108521828835,1158.2324766073089,1019.4793946294981,1077.5575379714082,2.598895194297997,0.8260455810667157,1.3162921529699838,0.8212560979806411,0.9996612733160534,0.8015855970303227,0.06738414222375708,0.6650623868546889,0.15949903868432877,0.9007511217268342,0.056058587103878274,0.05806340508335285
36,-2,26198.217722349043,16013.055546295247,9825.608677956974,1161.4991344486455,1017.8284004903135,-1819.774036842136,2.090977285952449,0.8899055996786089,0.9859455638379948,0.655734609766443,1.1031456598786993,0.9626755286716311,0.139704362892959,0.7926041786174485,0.09048986990142154,0.8995840540128313,-0.22830817055859964,0.8892744174169444
37,-1,-2001.4216876977407,12573.925388282863,-18553.363865243155,2114.718203413533,703.5004907029352,1159.7980951460822,0.09473888109331176,0.007476248648882059,1.382915190748351,0.6794101691231458,-1.7953524771379856,0.9518438613318325,0.2147308941161054,0.9653930073846024,0.05700012062040585,0.8543774714579615,0.23544515274645617,0.6351916389654602
38,-2,21974.684218180362,13503.486836966476,4937.881946573732,2639.7348321951704,1122.4783165677009,-228.89771412271875,1.7334256376328032,0.8350802022325355,1.4045615091969716,0.8859393113324799,0.10904931522376235,0.03116225564481463,0.2646133056200337,0.941931318737947,0.16450610512510458,0.8405827055577381,-0.20930459753310696,0.24248238084804838
39,-1,9808.305414837338,3566.549964349193,1145.7935372440843,1688.5394342123209,1086.6155145744538,2320.806964457285,0.8132678032432556,0.7421559656128798,0.819968229063289,0.90416283848312,-0.4479369191226867,0.3412961084839956,0.16267972234617695,0.8923610028322331,0.10744662779317253,0.9403495429206473,0.17111014316331877,0.7305502399613873
40,-2,25856.36379102763,13588.220115491073,10282.281575385947,1516.1252215641077,2264.162094519923,-1794.4252159334217,1.6352835802099839,0.7998289285165235,0.9311051781307011,0.7830168331782172,0.49906533164273553,0.47888839219080326,0.14659364085077767,0.8898021984929368,0.2559468299457697,0.9391306712781576,-0.19742740035998055,0.6583609799567356
41,-1,12862.048373033198,10348.412712297431,-4151.536813574261,2263.3104681965633,2855.017335564313,1546.8446705491506,1.6186141897157724,0.7048922040692323,1.3459362922618274,0.8361868265587681,-0.324620008961706,0.2705160520321863,0.19511523827615715,0.906129385481336,0.29660450054511983,0.7985798715030422,0.10557816759437397,0.8216205378364019
42,-2,9135.303962573706,5154.167132985662,2387.787981213889,1835.2953108390436,899.4849645827819,-1141.4314270476698,0.8544771552603624,0.550949760256964,0.35332079300521957,0.24583883830965375,0.09327988683716026,0.03009772401479375,0.18685048422575856,0.9648495906673042,0.09671560344149424,0.9322092672584755,0.12431038775074331,0.08318938679285735
43,-1,-4336.32740191274,2732.084718469385,-1212.0369019181526,402.5597948055074,1035.784764270009,-7294.719777539489,-1.2455842774633097,0.6412954556740071,0.4009177554043019,0.8587190251166329,-0.510102558311281,0.3369433468168631,0.0903375178738432,0.6402190751890121,0.13861156238187403,0.9191727398942584,-1.3653485548120676,0.830275588298147
44,-2,9296.420004758704,7551.626562041929,-1562.0232944717864,2107.853310280835,1087.415723360072,111.54770354765384,0.9388962823638782,0.795382025420081,0.6751560231669029,0.9385861203286466,-0.0739038510952253,0.025536625328955558,0.24684390765717532,0.9667541517117176,0.09775082375293317,0.9520780156540404,-0.006950621117904346,0.05998158520823986
45,-1,-8753.127492022684,-7482.042290159472,-4367.247472668416,2861.6911984910985,536.233273078522,-301.7622007644168,-0.8787865469541174,0.8248627645401471,-1.1037872941910547,0.859396519059652,-0.15997381361478466,0.0657509731950045,0.28826362444363096,0.7685530499190005,0.060008428478012944,0.9545970562623142,0.03670250793007948,0.4510908576454002
46,-2,-5875.138890112772,7959.615240689876,713.149129881007,1456.4378647733351,1575.6507103355912,-17579.99183579258,-0.8107437557059226,0.5209626187261321,0.8062013303319434,0.9614532670379733,0.3130334404063889,0.40586593047724473,0.15646502162828474,0.9500146803589706,0.1743759691658443,0.9797603991069924,-2.2608195172383865,0.8849136851654136
47,-1,-9949.154898193734,-7153.836894907756,-5531.978220434685,692.5479646393287,-548.6292110721952,2592.741463581573,-1.6523546869712717,0.3540398111579312,-0.6707425886076667,0.10468040728629863,-1.0655761623212503,0.46023547822304767,0.012640319159191416,0.01998048724488464,-0.10666303648572366,0.4840242708957126,0.1779867812841584,0.40598831593485163
48,-2,21196.436687033678,5118.189959207899,11733.570554067526,1140.6785404815928,1662.955657035769,1541.0419762408897,2.730409236293709,0.8939995034235141,0.4954510766624215,0.747775662100142,1.746411005910732,0.8450299003034063,0.10241807899078693,0.8959460409367827,0.20108588295036045,0.9270288912265987,0.18504319177946105,0.7712483118629458
49,-1,-5152.813509235686,10884.108565706993,-18029.939004259533,1510.0424787197044,1198.0417169766733,-715.0672663795226,-1.2316498309006894,0.5039145825215564,0.0923892249854173,0.010806420706663735,-1.5172386376188938,0.5056435715483905,0.20929268785377517,0.8598691980182464,0.0687408989637703,0.3020944036795021,-0.08483400508476527,0.7937598476092091
50,-2,6224.359168475107,-1380.5580168000888,1491.3156255861977,1760.3079344210782,855.5024241481296,3497.7912011197905,0.9569854780663986,0.4464012335952166,-0.0420158295082142,0.0024721512144741326,0.32545745497776185,0.15930090540497327,0.08496833818928365,0.32679736667688863,0.09618653358484873,0.809808609247111,0.492388980822738,0.43816339109125224
51,-1,19460.231605171313,6567.682353530428,10550.152741420141,551.4089933931318,2077.022202774162,-286.0346859465517,2.0734946183580094,0.9585178174942215,0.6903132509955626,0.860040904126803,1.1505362210665864,0.8964781284251229,0.10286953162568292,0.12391113929579504,0.19614416609962892,0.9142887957289586,-0.06636855142942993,0.2188422121461705
52,-2,15823.739488699459,7650.666096757486,15009.585554274294,363.16902712785304,1724.3724092149641,-8924.053598675138,2.295255758011792,0.4572336116238894,0.6110557333846045,0.4601232245428389,1.991002189537693,0.6403436787215496,0.09873542087957353,0.3157942680579256,0.21377867513227114,0.946096692842016,-0.6193162609223383,0.4022955616868829
53,-1,15636.662029880514,2267.9266731099924,7822.246885488159,3014.039585012455,1682.9310221876185,849.5178640822887,1.8792627431741997,0.9335858451064262,0.18883616456383734,0.5596939265524985,0.9528976708831004,0.9071842401546114,0.30518039971970085,0.9154043999849344,0.17218265750981368,0.965675407276992,0.26016585049777124,0.6340629790331025
54,-2,4440.8644111333415,3085.0789142453577,-2934.0375639826525,2282.8704280540696,996.4632251540716,1010.4894076624951,0.6980753699839336,0.5260152078206465,0.30070068042716563,0.6685777653302618,-0.03407819826583363,0.002135970098796022,0.21454545201258826,0.916054665556115,0.12475974113801191,0.9150423244714831,0.0921476946720091,0.8034159768128438
55,-1,27848.417937510432,9211.890175053268,5456.786287368159,2144.6798541975804,501.876191575187,10533.18542931624,1.8782290703375322,0.6707546198959272,0.7717276150911924,0.8109646170843339,0.6369560834739607,0.6848456799161233,0.2649234817457092,0.8759351581162994,-0.013632732530087788,0.013080035243560375,0.21825462255674163,0.024309317711763943
56,-2,7589.574764033071,-586.9221355960981,5786.436736165138,1704.5088772719037,827,-141.448713807873,0.9415178214575416,0.7777847473277725,0.05241276755841143,0.019240595480056764,0.6070016150344111,0.7187548045498741,0.1947655763039741,0.9218819319380722,0.05348834100843293,0.2725088156558735,0.033849521552306965,0.12824710724953056
57,-1,20178.969299560427,10311.930110058165,9031.636170053476,-2014.216992283502,2167.609414051248,682.0105976810412,2.2370091890048918,0.9266612232797966,1.3053594680399623,0.8614647520100747,0.8066483870729407,0.933902217570659,-0.17860524861426816,0.6718584583397322,0.23805437341978142,0.9538144868773513,0.06555220908647424,0.738521757973779
58,-2,19491.965734566147,13921.381669338502,1653.1547569078102,2705.507851800674,799.2189551872062,412.7025013319544,1.9770812669179851,0.9240269626842963,1.3121302789600386,0.9377861871829793,0.273825253225,0.3313736847715309,0.246533317252428,0.8735557710281289,0.0811874849023965,0.9356365000210327,0.06340493257810059,0.7702946437848682
59,-1,5423.852260274634,5948.6173110760865,-4790.330964853638,1510.6936905571747,1948.872223495011,806,0.21727440168421802,0.04988918733665996,0.8336707455905994,0.8632580109320211,-0.9407612708916144,0.5677324270401367,0.10550080281343048,0.1533364061029343,0.16662767614824375,0.4511342742852356,0.05223644802354553,0.3205912884485533
60,-2,3390.7753416570013,2508.324108354631,968.7126956084976,691.8503222760992,-214.34902919460546,-563.7627553876209,0.33705800757794196,0.2938275731051116,0.20222242611574845,0.444483700782272,0.2580949177507768,0.18140359148414414,-0.022011242585104902,0.021137360034293496,-0.05269830246297532,0.6447323506789867,-0.048549791240501024,0.144296648720387
61,-1,-8256.360961383598,-14726.710510866717,6878.652984249849,-1143.5269899769937,749.9927177284262,-14.769162518162375,-1.3219548028752994,0.5125813934148548,-2.087475712852291,0.7600567569768415,0.8365850654352858,0.807510683381973,-0.10154956945128726,0.4293715385722693,0.042094939373289945,0.43402743753224043,-0.011609525380300722,0.214128845064261
62,-2,28009.233945008942,14670.32947919215,8803.711161303218,3090.1312933461704,1175.5739444494284,269.4880667179741,2.8021471053501816,0.9310031840162276,1.4051014609193122,0.8976693700188529,0.9685812857451132,0.8121338321369066,0.2929158128627029,0.8310656700369285,0.11348036616004842,0.963872706526268,0.02206817966299911,0.5021818063963802
63,-1,12683.62293228418,2857.6283137822757,6557.323885648948,1867.9689565738008,1100.3408554389944,300.36092084016127,1.3825969462911465,0.8609860765953289,0.20913028667087688,0.38344060070727853,0.8066419132866389,0.8406746376917535,0.24298741389293743,0.9199481348061845,0.11171968029359373,0.9384845432851299,0.012117652147106363,0.03997563274995867
64,-2,11703.644033405315,1092.5462690262939,10414.742774935541,115.23828755043814,-220.29782950351,301.4145313965528,0.9572593423352822,0.6047600385694537,-0.1309493694282477,0.04726318911268809,1.2034826873204656,0.8574417392558006,-0.04058712503789433,0.5591977306612409,0.02779925507132924,0.12885988106364785,-0.1024861055903603,0.4035283350459544
65,-1,16934.085020846047,3085.38390986016,9320.432518548623,2970.565952793644,811.5660838488238,746.136555794795,2.2004780871286407,0.8735412104596633,0.33324339944337344,0.2485672445816992,1.403630931833868,0.8593044342394666,0.2468677279891062,0.8998662591735479,0.11142286225741564,0.7519337646595636,0.10531316560484204,0.6680105564060943
66,-2,22225.33198287512,15377.592274238268,-394.7325208412658,1384.4635756572538,1300.9382304796736,4557.070423341187,2.1134330791200386,0.8638859545251627,1.8270788506363957,0.8041428348767635,-0.3496911379580108,0.3408988019504103,0.10989385182904422,0.7114366431826012,0.15656036131696882,0.9378256891237555,0.3695911532956515,0.49489350063226845
67,-1,12571.400581249974,10565.461973798549,6990.82284932019,1437.2911807998753,582.6116267242214,-7004.78704939286,1.271471329127838,0.6668327924853353,1.3866752085762752,0.924655703887951,0.7437261767570144,0.667188947222366,0.15344841429942613,0.9550440854159792,0.030434548968689745,0.5064047004191562,-1.042813019473596,0.7340376157598116
68,-2,8876.141232975724,9821.387080203116,-2308.8502640719526,891.6235699470762,944.8719311566537,-472.89108425916857,1.1000326439048072,0.7035296393125081,0.8813912216140459,0.8300780911951492,0.06222319235553507,0.012304220561997299,0.11560216917672934,0.7988094313859511,0.07962607157499417,0.7786705032325788,-0.03881001081651181,0.06926974944265231
69,-1,18163.78873155699,8203.473612903734,10887.0666015124,315.9676603269436,-1537.2509783214227,294.53183513533304,1.5714981104719699,0.8937048505258701,0.7563451301414221,0.8536372655490893,1.029762340051033,0.7908540048129141,-0.0057385265305731,0.008386778439512415,-0.22580537293444905,0.8820674017505127,0.016934539744519923,0.37050778258995754
70,-2,4711.737214544187,6188,-4264.823816351709,1623.4724169287128,757.7556495169031,407.3329644502801,0.5592088248820654,0.5282519844090868,0.688928649511388,0.7572620575967643,-0.39947478179943735,0.3411886733333371,0.173147442478925,0.9291477455044505,0.07279150001122596,0.9652919597623838,0.023816014679959228,0.21340379892693337
71,-1,24107.966290074666,15862.48242408561,7022.645892309374,322.54096141001355,1979.3102502244583,-1079.0132379547917,1.9558587651476826,0.8793532451782168,1.3631653417377663,0.8135882445959317,0.5679031468574322,0.6727572635943636,0.06471550660013607,0.5392860400555692,0.18762823102244688,0.9475871907887817,-0.2275534610700973,0.7715691582064544
72,-2,7717.621354886614,5175.441327256034,3930.8752188179933,1469.473417348956,97.62781278920738,-2955.7964213255764,-0.1785168109631239,0.01512810724796242,0.14909828394814958,0.04544398981140738,0.34109864836520953,0.0938419213270218,0.14055624747224452,0.7609943573524081,-0.02601269545327516,0.12663252614304077,-0.7832572952954494,0.5767012696998386
73,-1,700.5593692105349,7036.4706280287355,-8900.972525827645,985.6766745691548,283.17414588414977,1296.2104465561397,0.12664314388255055,0.01153285261826068,1.1020691846338606,0.6739222205771392,-1.2452996024401621,0.7753986780937211,0.11828664786159458,0.8675787671886431,0.0002890136854051689,0.00016113159990533782,0.15129790014185165,0.7910898886956441
74,-2,28686.689796305407,17391.48629605444,615.1530693485984,3037.357180259023,-776.4661737462411,8419.159424389585,2.1951983689532697,0.8207954247920048,1.337692997167421,0.7178548023124213,-0.20446266213258693,0.12837418815791948,0.1936578401093716,0.7577295599519459,0.03804536804695252,0.08108265278736676,0.8302648257621235,0.894792016120113
75,-1,10514.000102775884,10209.409549890901,-1215.1722199505894,1413.5769674302428,-499.39227504273094,605.5780804480592,1.5184945950821924,0.5722844749411918,0.8073443892850664,0.500244399852231,0.5812380478924691,0.16989947286541357,0.11518808475312317,0.8216813271096994,-0.094676900296384,0.6655636413332057,0.10940097344795853,0.4471209958645668
76,-2,25096.67005953381,9460.75067733333,11300.68027764291,2002.3124892698597,3306.82595840455,-973.8993431168411,2.0158540315874993,0.839680891921934,0.4420975573193971,0.2888727011654416,1.1989374481774817,0.9058078893696956,0.14811487610825072,0.7395376886887292,0.33424705506865904,0.9595542584501444,-0.10754290508628968,0.8894925611750228
77,-1,19690.3096420951,7351.107724761474,12220.308213391225,2406.3421077781386,997.7840632250127,-3285.2324670607486,2.3485940774899814,0.8194647126840686,0.6910583278122281,0.8038198462202545,1.4727722517864925,0.9018539454362667,0.3782332229612321,0.8131860548382261,0.08157249418777493,0.9002730142283102,-0.2750422192577244,0.09900234525929442
78,-2,2067.3928077814844,-15696.249615126173,14437.71222537363,1054.7583162981973,1194.6938986288696,1076.4779826069598,1.357662715250334,0.472785792071801,-0.3879909319346789,0.09586541554653397,1.3833097904272866,0.8777677190467277,0.0651322143773614,0.46891740644200675,0.1395034238553149,0.9528923703197667,0.15770821852505423,0.7391294178892228
79,-1,19531.033621812345,5919.690229622647,9099.804473076249,1781.0859977615155,1263.1150592585236,1467.3378620934127,1.7051007219196557,0.6886178826851966,0.3125402591422604,0.37275027956882884,0.919661792935684,0.5666280179373231,0.17946821845587643,0.9629395036630031,0.11715374214977227,0.9661676181053892,0.17627670923611855,0.3107970845782895
80,-2,26578.938630879587,12828.175190287031,9022.508627304516,1831.0800467202353,980,1917.1747665678067,2.773598888736679,0.9844882121019095,1.5742789825470649,0.9738324415768226,0.6965785102851227,0.8619393402039672,0.10148031466704087,0.6128266692525963,0.1100585108054706,0.9799508550102399,0.2912025704319636,0.6923721335350047
81,-1,18604.959936060033,9065.270029935753,8245.602937992458,165.5207692246895,780.0543125009244,348.51188640620614,1.5122093576890243,0.9286225674487171,0.8114567053247138,0.8741086812061525,0.5165450265600041,0.562813684130632,0.02487279935262722,0.032497146465011936,0.10960722796872292,0.897307667516824,0.04972759848296689,0.6945642365893956
82,-2,18387.340094534477,5535.060026208521,5778.181787944748,74.12331257828555,1345.519315043789,5654.455652759134,1.3374793205502533,0.9137164754483107,0.5820830475136528,0.9477396695511882,0.5655415852707202,0.7007599661078115,0.06303554814531961,0.34820309049474113,0.11543897149599329,0.9275088242602917,0.01138016812456603,0.0014018050907711507
83,-1,3022.4468908224753,6384.021307759685,-3166.7692278764443,2059.208343399254,1143.325801232233,-3397.3393336922527,0.6476519808915727,0.3971256677400709,0.6683733276654998,0.9534519637364862,-0.4292891981666502,0.25533664851776766,0.2310936989530467,0.8250081541895494,0.10317648470046567,0.9398070567991017,0.07429766773920583,0.012074401302862456
84,-2,10982.036402134087,9361.8939231322,6162.460439701623,2015.8646934150984,680,-7238.182654114833,1.8463289545901012,0.8246047053357737,1.0112541284784982,0.8348804621685885,0.6899997206607932,0.7074726326435272,0.2021996654274562,0.9631397541793865,0.07139384322403583,0.7656728616909675,-0.12851840320072397,0.12583288694782715
85,-1,17997.849486617342,576.3906959703891,7319.720820056973,575.7011397091755,1745.2837577945193,7780.753073086285,2.21160021894284,0.7910426286246934,0.33422979617965565,0.114474643266767,0.7156214893785371,0.9090145908087489,0.0790345083220908,0.8688838707953448,0.19083628442648407,0.8965554251809432,0.8918781406360204,0.27472303071561494
86,-2,23813.636554420893,11779.116898893746,9696.505900758319,2732.2057409843837,1594.4110507435125,-1988.603036959069,2.593198399114731,0.8502357626913938,1.1719809413900053,0.6766153810385689,1.3035897350446715,0.9156749192918807,0.25424974306458764,0.9776715279379159,0.17634476553559833,0.9394562724823435,-0.31296678592011506,0.8347739050272676
87,-1,6065.09426907989,493.5735543628107,4719.757376219553,721.2567302760508,1707.0831047700103,-1576.576496548535,0.3109023788652326,0.37792188054349257,-0.29945184875939557,0.4477588777307166,0.4126505942773054,0.719144140619242,0.08008862144621118,0.8633037864533042,0.1665844920229718,0.8372072705830798,-0.04896948012185557,0.21402161654754442
88,-2,17968.191286457022,8139.993972951546,6935.455155170115,2151.6698385669442,360.3321316604779,380.7401881079402,1.3036506743681084,0.6670376887226249,0.17462001963920395,0.029457737706703895,0.8489516061575895,0.9474810190834413,0.21082269542537196,0.9245863903374069,0.02504070004028014,0.31952294146451876,0.04421565310566185,0.6208310498699123
89,-1,11656.300192959974,1165.6525194695569,2491.2358303198125,1086.4988677385663,883.1343205594535,6029.778654872585,1.3963423434056355,0.5875474506509274,-0.049827507474981984,0.009265104296949492,0.2807242975831607,0.17218731947540325,0.08205333103247596,0.6803003655733452,0.06132736025384875,0.6938725833832894,1.0220648620111454,0.6184833840183597
90,-2,14373.230041171944,9398.856355602155,5429.030198818888,-577.997717799648,340.3412045505502,-217,1.6384498984677698,0.708806892449156,0.8721667887096193,0.7934623756407514,0.7441146265670601,0.5783316965258256,-0.03597752419949769,0.03395830262176393,0.07315412648642397,0.2979869735132419,-0.015008119095840884,0.3374996567564268
91,-1,-224.02079169161607,-10068.262960986933,5507.238023626211,2215.611870890687,424.50843407715274,1696.8838407012663,-0.0005424740624473406,0.0000006159851853167825,-0.8561711662562252,0.4884817774113189,0.51916690068845,0.7344259643536117,0.20046413601057822,0.750605242490714,0.02541023959007124,0.47051621877020594,0.11058741590467859,0.5098941920842092
92,-2,15285.197876432652,13552.206940739357,-1092.8718096362427,840.0042563539082,1371.2801965509416,614.5782924246881,0.9033906058834195,0.5089262470390624,1.3376978106521504,0.9283494455066604,-0.6938343305200896,0.3506480014701477,0.09304132822795301,0.7924814602633979,0.11047296335414343,0.8962460950024846,0.056012834169265883,0.7293592944103945
93,-1,23185.673208156826,14403.531882859941,4475.047874764015,-1129.4195934680683,739.3929855356578,4697.1200584652815,1.775283180965673,0.671634945814967,1.2133183565948278,0.6940663996646146,0.2546985672857437,0.20433825748761694,-0.060912581205990565,0.11945086159912645,0.0960626118357331,0.8786089905099462,0.27211622645540035,0.37754666871160836
94,-2,16709.351554173038,9402.904765300365,6046.041401752853,2132.8351945578397,-155.49700720444343,-716.9328002335769,2.0868884964599017,0.8341998261609952,0.918631380234738,0.936339904675821,1.180868988418166,0.7661488274591501,0.18451110119599276,0.9046224004582005,-0.03173605012099968,0.2106613493035118,-0.16538692326799903,0.15896512514122987
95,-1,17680.79403820928,11513.390063488507,5875.269305529073,-1006.6577012830385,-102.95276372518492,1401.7451341999222,2.410065106039778,0.9110313122693441,1.2335420849036227,0.6423847361077601,0.6838143643436957,0.8171215159327232,-0.08401821881191374,0.2781968378794669,-0.0011818929038413853,0.0003387534246327016,0.5779087685082581,0.46919178402157824
96,-2,20296.254714154184,12208.19128255373,4703.01899719116,3702.3449319640567,1257.6606349767608,-1574.9611325315227,2.385832124842588,0.9133750192475624,1.4448136187295324,0.7744804708017824,0.6346437021340948,0.6249449363110393,0.31979690866475025,0.7200470750528872,0.1331938651666722,0.9209100031420453,-0.14661596985248235,0.26641940618927873
97,-1,25336.998740798565,4168.698198784143,21811,1406,910.9173175642081,-2959.6167755497845,2.9953020861238326,0.8562751499190513,0.5056991257212035,0.6933979177689734,2.607041154356053,0.8838159334789104,0.15798460167394016,0.836621736981985,0.08614287927445682,0.7498146924392997,-0.3615656749017938,0.5141650258306526
98,-2,-4607.460985574031,459.64159122054116,-6043.504033630714,2372.585439283612,1260.6830333174294,-2656.8670157648994,-0.8101115863203977,0.3153993862708741,-0.13513614780145522,0.2265058550759059,-0.5662603222113954,0.24070538129876923,0.20151144307341137,0.9374167894483486,0.13273545601659667,0.9334796537163169,-0.44296201539755775,0.6534880748403303
99,-1,5578.496595013319,-1804.7876744196983,5343.0503503665095,857.2482272252282,750.6273541535943,432.358337687685,0.8413326549316703,0.20480435787069348,-0.2090948855168142,0.018791182631204606,0.8552824982688887,0.9221150656110588,0.09110737337216894,0.9272021962417588,0.06648255937867896,0.7075603833866778,0.03755510942876032,0.8891369297803318
